
ZAI = [
902320
902330
912330
912340
922330
922340
922350
922360
922370
922380
932370
932390
942380
942390
942400
942410
942420
952410
952430
541350
621490
551370
380900
531290
601430
601450
666
0
];

NAMES = [
'Th232           '
'Th233           '
'Pa233           '
'Pa234           '
'U233            '
'U234            '
'U235            '
'U236            '
'U237            '
'U238            '
'Np237           '
'Np239           '
'Pu238           '
'Pu239           '
'Pu240           '
'Pu241           '
'Pu242           '
'Am241           '
'Am243           '
'Xe135           '
'Sm149           '
'Cs137           '
'Sr90            '
'I129            '
'Nd143           '
'Nd145           '
'lost            '
'total           '
];

i902320 = 1; iTh232            = 1;
i902330 = 2; iTh233            = 2;
i912330 = 3; iPa233            = 3;
i912340 = 4; iPa234            = 4;
i922330 = 5; iU233             = 5;
i922340 = 6; iU234             = 6;
i922350 = 7; iU235             = 7;
i922360 = 8; iU236             = 8;
i922370 = 9; iU237             = 9;
i922380 = 10; iU238             = 10;
i932370 = 11; iNp237            = 11;
i932390 = 12; iNp239            = 12;
i942380 = 13; iPu238            = 13;
i942390 = 14; iPu239            = 14;
i942400 = 15; iPu240            = 15;
i942410 = 16; iPu241            = 16;
i942420 = 17; iPu242            = 17;
i952410 = 18; iAm241            = 18;
i952430 = 19; iAm243            = 19;
i541350 = 20; iXe135            = 20;
i621490 = 21; iSm149            = 21;
i551370 = 22; iCs137            = 22;
i380900 = 23; iSr90             = 23;
i531290 = 24; iI129             = 24;
i601430 = 25; iNd143            = 25;
i601450 = 26; iNd145            = 26;
iLOST    = 27;
iTOT     = 28;

MAT_fuel_VOLUME = [ 1.39419E+02 1.39419E+02 ];

MAT_fuel_BURNUP = [ 0.00000E+00 1.00000E-01 ];

MAT_fuel_ADENS = [
1.32914E-02 1.32884E-02 % Th232
0.00000E+00 2.49407E-08 % Th233
0.00000E+00 2.87410E-06 % Pa233
0.00000E+00 6.07694E-10 % Pa234
0.00000E+00 9.70237E-08 % U233
0.00000E+00 4.27868E-09 % U234
1.77219E-04 1.74635E-04 % U235
0.00000E+00 4.18480E-07 % U236
0.00000E+00 4.09748E-09 % U237
8.68374E-03 8.68218E-03 % U238
0.00000E+00 5.68344E-10 % Np237
0.00000E+00 1.01581E-06 % Np239
0.00000E+00 2.45526E-13 % Pu238
0.00000E+00 4.33100E-07 % Pu239
0.00000E+00 3.75919E-09 % Pu240
0.00000E+00 3.63484E-11 % Pu241
0.00000E+00 8.87323E-14 % Pu242
0.00000E+00 2.91192E-15 % Am241
0.00000E+00 4.19671E-17 % Am243
0.00000E+00 2.06851E-09 % Xe135
0.00000E+00 4.20914E-09 % Sm149
0.00000E+00 1.41365E-07 % Cs137
0.00000E+00 1.30676E-07 % Sr90
0.00000E+00 1.15144E-08 % I129
0.00000E+00 2.83035E-09 % Nd143
0.00000E+00 7.77887E-08 % Nd145
0.00000E+00 2.37406E-13 % lost data
6.64572E-02 6.64595E-02 % total
];

MAT_fuel_MDENS = [
5.12139E+00 5.12022E+00 % Th232
0.00000E+00 9.65160E-06 % Th233
0.00000E+00 1.11221E-03 % Pa233
0.00000E+00 2.36177E-07 % Pa234
0.00000E+00 3.75460E-05 % U233
0.00000E+00 1.66287E-06 % U234
6.91697E-02 6.81610E-02 % U235
0.00000E+00 1.64031E-04 % U236
0.00000E+00 1.61291E-06 % U237
3.43268E+00 3.43206E+00 % U238
0.00000E+00 2.23720E-07 % Np237
0.00000E+00 4.03237E-04 % Np239
0.00000E+00 9.70556E-11 % Pu238
0.00000E+00 1.71924E-04 % Pu239
0.00000E+00 1.49851E-06 % Pu240
0.00000E+00 1.45494E-08 % Pu241
0.00000E+00 3.56663E-11 % Pu242
0.00000E+00 1.16561E-12 % Am241
0.00000E+00 1.69388E-14 % Am243
0.00000E+00 4.63391E-07 % Xe135
0.00000E+00 1.04086E-06 % Sm149
0.00000E+00 3.21384E-05 % Cs137
0.00000E+00 1.95096E-05 % Sr90
0.00000E+00 2.46473E-06 % I129
0.00000E+00 6.71674E-07 % Nd143
0.00000E+00 1.87189E-05 % Nd145
0.00000E+00 0.00000E+00 % lost data
9.80000E+00 9.80000E+00 % total
];

MAT_fuel_A = [
2.89694E+06 2.89627E+06 % Th232
0.00000E+00 1.84014E+15 % Th233
0.00000E+00 1.19172E+14 % Pa233
0.00000E+00 2.43475E+12 % Pa234
0.00000E+00 1.86629E+06 % U233
0.00000E+00 5.33705E+04 % U234
7.70872E+05 7.59629E+05 % U235
0.00000E+00 5.47182E+04 % U236
0.00000E+00 6.78963E+11 % U237
5.95166E+06 5.95058E+06 % U238
0.00000E+00 8.11765E+02 % Np237
0.00000E+00 4.82246E+14 % Np239
0.00000E+00 8.57316E+03 % Pu238
0.00000E+00 5.50091E+07 % Pu239
0.00000E+00 1.75456E+06 % Pu240
0.00000E+00 7.78926E+06 % Pu241
0.00000E+00 7.24598E-01 % Pu242
0.00000E+00 2.06128E+01 % Am241
0.00000E+00 1.74376E-02 % Am243
0.00000E+00 6.07512E+12 % Xe135
0.00000E+00 0.00000E+00 % Sm149
0.00000E+00 1.43963E+10 % Cs137
0.00000E+00 1.38994E+10 % Sr90
0.00000E+00 2.24588E+03 % I129
0.00000E+00 0.00000E+00 % Nd143
0.00000E+00 0.00000E+00 % Nd145
0.00000E+00 0.00000E+00 % lost data
9.61947E+06 1.01807E+16 % total
];

MAT_fuel_H = [
1.89271E-06 1.89228E-06 % Th232
0.00000E+00 1.32654E+02 % Th233
0.00000E+00 7.81640E+00 % Pa233
0.00000E+00 5.70720E-01 % Pa234
0.00000E+00 1.46771E-06 % U233
0.00000E+00 4.15040E-08 % U234
5.69695E-07 5.61386E-07 % U235
0.00000E+00 4.00274E-08 % U236
0.00000E+00 3.56924E-02 % U237
4.07673E-06 4.07600E-06 % U238
0.00000E+00 6.33344E-10 % Np237
0.00000E+00 3.19556E+01 % Np239
0.00000E+00 7.67629E-09 % Pu238
0.00000E+00 4.61936E-05 % Pu239
0.00000E+00 1.47613E-06 % Pu240
0.00000E+00 6.68306E-09 % Pu241
0.00000E+00 5.78382E-13 % Pu242
0.00000E+00 1.84810E-11 % Am241
0.00000E+00 1.51742E-14 % Am243
0.00000E+00 5.47682E-01 % Xe135
0.00000E+00 0.00000E+00 % Sm149
0.00000E+00 4.14830E-04 % Cs137
0.00000E+00 4.36033E-04 % Sr90
0.00000E+00 2.65188E-11 % I129
0.00000E+00 0.00000E+00 % Nd143
0.00000E+00 0.00000E+00 % Nd145
0.00000E+00 0.00000E+00 % lost data
6.53914E-06 2.97002E+03 % total
];

MAT_fuel_SF = [
2.89694E-05 2.89627E-05 % Th232
0.00000E+00 0.00000E+00 % Th233
0.00000E+00 0.00000E+00 % Pa233
0.00000E+00 0.00000E+00 % Pa234
0.00000E+00 0.00000E+00 % U233
0.00000E+00 9.07298E-07 % U234
5.55028E-05 5.46933E-05 % U235
0.00000E+00 4.92464E-05 % U236
0.00000E+00 0.00000E+00 % U237
3.24961E+02 3.24902E+02 % U238
0.00000E+00 0.00000E+00 % Np237
0.00000E+00 0.00000E+00 % Np239
0.00000E+00 1.59461E-05 % Pu238
0.00000E+00 1.70528E-04 % Pu239
0.00000E+00 1.00010E-01 % Pu240
0.00000E+00 0.00000E+00 % Pu241
0.00000E+00 3.98529E-06 % Pu242
0.00000E+00 8.86349E-11 % Am241
0.00000E+00 6.45190E-13 % Am243
0.00000E+00 0.00000E+00 % Xe135
0.00000E+00 0.00000E+00 % Sm149
0.00000E+00 0.00000E+00 % Cs137
0.00000E+00 0.00000E+00 % Sr90
0.00000E+00 0.00000E+00 % I129
0.00000E+00 0.00000E+00 % Nd143
0.00000E+00 0.00000E+00 % Nd145
0.00000E+00 0.00000E+00 % lost data
3.24961E+02 3.25002E+02 % total
];

MAT_fuel_GSRC = [
2.12307E+05 2.12259E+05 % Th232
0.00000E+00 3.87200E+14 % Th233
0.00000E+00 1.58114E+14 % Pa233
0.00000E+00 0.00000E+00 % Pa234
0.00000E+00 0.00000E+00 % U233
0.00000E+00 5.33190E+03 % U234
9.36716E+05 9.23055E+05 % U235
0.00000E+00 4.94723E+03 % U236
0.00000E+00 1.10612E+12 % U237
4.32732E+05 4.32654E+05 % U238
0.00000E+00 6.32509E+02 % Np237
0.00000E+00 7.78462E+14 % Np239
0.00000E+00 8.87723E+02 % Pu238
0.00000E+00 2.41391E+06 % Pu239
0.00000E+00 1.70942E+05 % Pu240
0.00000E+00 1.93921E+02 % Pu241
0.00000E+00 6.04919E-02 % Pu242
0.00000E+00 1.29714E+01 % Am241
0.00000E+00 1.62347E-02 % Am243
0.00000E+00 6.04649E+12 % Xe135
0.00000E+00 0.00000E+00 % Sm149
0.00000E+00 8.34986E+04 % Cs137
0.00000E+00 0.00000E+00 % Sr90
0.00000E+00 1.85424E+03 % I129
0.00000E+00 0.00000E+00 % Nd143
0.00000E+00 0.00000E+00 % Nd145
0.00000E+00 0.00000E+00 % lost data
1.58176E+06 7.39459E+15 % total
];

