
DET1 = [
    1    1    1    1     1     1     1    1    1    1  1.63541E+12 0.00893 
    2    2    1    1     1     1     1    1    1    1  2.64637E+12 0.00773 
    3    3    1    1     1     1     1    1    1    1  4.54099E+12 0.00580 
    4    4    1    1     1     1     1    1    1    1  1.41323E+13 0.00347 
    5    5    1    1     1     1     1    1    1    1  2.00335E+13 0.00335 
    6    6    1    1     1     1     1    1    1    1  4.51949E+13 0.00225 
    7    7    1    1     1     1     1    1    1    1  7.70476E+13 0.00180 
    8    8    1    1     1     1     1    1    1    1  1.51305E+14 0.00143 
    9    9    1    1     1     1     1    1    1    1  2.66405E+14 0.00109 
   10   10    1    1     1     1     1    1    1    1  4.70583E+14 0.00092 
   11   11    1    1     1     1     1    1    1    1  7.72423E+14 0.00080 
   12   12    1    1     1     1     1    1    1    1  1.18871E+15 0.00069 
   13   13    1    1     1     1     1    1    1    1  1.66671E+15 0.00061 
   14   14    1    1     1     1     1    1    1    1  2.07225E+15 0.00053 
   15   15    1    1     1     1     1    1    1    1  2.19217E+15 0.00051 
   16   16    1    1     1     1     1    1    1    1  1.94697E+15 0.00052 
   17   17    1    1     1     1     1    1    1    1  1.52122E+15 0.00056 
   18   18    1    1     1     1     1    1    1    1  1.88552E+15 0.00054 
   19   19    1    1     1     1     1    1    1    1  2.57805E+15 0.00049 
   20   20    1    1     1     1     1    1    1    1  2.57920E+15 0.00050 
   21   21    1    1     1     1     1    1    1    1  1.79039E+15 0.00053 
   22   22    1    1     1     1     1    1    1    1  3.19759E+15 0.00051 
   23   23    1    1     1     1     1    1    1    1  3.52858E+15 0.00052 
   24   24    1    1     1     1     1    1    1    1  3.29674E+15 0.00053 
   25   25    1    1     1     1     1    1    1    1  3.50382E+15 0.00042 
   26   26    1    1     1     1     1    1    1    1  3.03123E+15 0.00049 
   27   27    1    1     1     1     1    1    1    1  3.40489E+15 0.00049 
   28   28    1    1     1     1     1    1    1    1  3.78543E+15 0.00047 
   29   29    1    1     1     1     1    1    1    1  3.81886E+15 0.00044 
   30   30    1    1     1     1     1    1    1    1  3.90955E+15 0.00046 
   31   31    1    1     1     1     1    1    1    1  4.37131E+15 0.00046 
   32   32    1    1     1     1     1    1    1    1  4.24637E+15 0.00043 
   33   33    1    1     1     1     1    1    1    1  4.49098E+15 0.00041 
   34   34    1    1     1     1     1    1    1    1  4.69241E+15 0.00043 
   35   35    1    1     1     1     1    1    1    1  4.81826E+15 0.00040 
   36   36    1    1     1     1     1    1    1    1  5.03134E+15 0.00043 
   37   37    1    1     1     1     1    1    1    1  5.10062E+15 0.00039 
   38   38    1    1     1     1     1    1    1    1  5.26951E+15 0.00045 
   39   39    1    1     1     1     1    1    1    1  5.34622E+15 0.00042 
   40   40    1    1     1     1     1    1    1    1  5.44373E+15 0.00045 
   41   41    1    1     1     1     1    1    1    1  5.53307E+15 0.00044 
   42   42    1    1     1     1     1    1    1    1  5.67234E+15 0.00041 
   43   43    1    1     1     1     1    1    1    1  5.64562E+15 0.00046 
   44   44    1    1     1     1     1    1    1    1  5.75330E+15 0.00039 
   45   45    1    1     1     1     1    1    1    1  5.84699E+15 0.00041 
   46   46    1    1     1     1     1    1    1    1  5.95696E+15 0.00042 
   47   47    1    1     1     1     1    1    1    1  6.06542E+15 0.00038 
   48   48    1    1     1     1     1    1    1    1  6.20694E+15 0.00037 
   49   49    1    1     1     1     1    1    1    1  6.38426E+15 0.00040 
   50   50    1    1     1     1     1    1    1    1  6.64748E+15 0.00041 
   51   51    1    1     1     1     1    1    1    1  6.94309E+15 0.00039 
   52   52    1    1     1     1     1    1    1    1  7.40271E+15 0.00041 
   53   53    1    1     1     1     1    1    1    1  8.00174E+15 0.00037 
   54   54    1    1     1     1     1    1    1    1  8.83088E+15 0.00040 
   55   55    1    1     1     1     1    1    1    1  9.91945E+15 0.00037 
   56   56    1    1     1     1     1    1    1    1  1.14718E+16 0.00037 
   57   57    1    1     1     1     1    1    1    1  1.35739E+16 0.00037 
   58   58    1    1     1     1     1    1    1    1  1.68741E+16 0.00031 
   59   59    1    1     1     1     1    1    1    1  1.55587E+16 0.00033 
   60   60    1    1     1     1     1    1    1    1  2.25187E+16 0.00034 
   61   61    1    1     1     1     1    1    1    1  2.63669E+16 0.00031 
   62   62    1    1     1     1     1    1    1    1  2.19309E+16 0.00036 
   63   63    1    1     1     1     1    1    1    1  2.49790E+16 0.00033 
   64   64    1    1     1     1     1    1    1    1  2.57188E+16 0.00035 
   65   65    1    1     1     1     1    1    1    1  2.10614E+16 0.00043 
   66   66    1    1     1     1     1    1    1    1  1.34715E+16 0.00058 
   67   67    1    1     1     1     1    1    1    1  6.70584E+15 0.00087 
   68   68    1    1     1     1     1    1    1    1  1.75392E+15 0.00169 
   69   69    1    1     1     1     1    1    1    1  2.46815E+14 0.00449 
   70   70    1    1     1     1     1    1    1    1  1.38022E+13 0.02175 
];


