
DET1 = [
    1    1    1    1     1     1     1    1    1    1  1.51332E+12 0.00864 
    2    2    1    1     1     1     1    1    1    1  2.44647E+12 0.00824 
    3    3    1    1     1     1     1    1    1    1  4.18959E+12 0.00648 
    4    4    1    1     1     1     1    1    1    1  1.31485E+13 0.00369 
    5    5    1    1     1     1     1    1    1    1  1.85080E+13 0.00334 
    6    6    1    1     1     1     1    1    1    1  4.20713E+13 0.00238 
    7    7    1    1     1     1     1    1    1    1  7.14818E+13 0.00171 
    8    8    1    1     1     1     1    1    1    1  1.40176E+14 0.00147 
    9    9    1    1     1     1     1    1    1    1  2.47155E+14 0.00109 
   10   10    1    1     1     1     1    1    1    1  4.36534E+14 0.00104 
   11   11    1    1     1     1     1    1    1    1  7.15625E+14 0.00080 
   12   12    1    1     1     1     1    1    1    1  1.10013E+15 0.00067 
   13   13    1    1     1     1     1    1    1    1  1.54527E+15 0.00060 
   14   14    1    1     1     1     1    1    1    1  1.92170E+15 0.00050 
   15   15    1    1     1     1     1    1    1    1  2.03680E+15 0.00051 
   16   16    1    1     1     1     1    1    1    1  1.81398E+15 0.00050 
   17   17    1    1     1     1     1    1    1    1  1.43360E+15 0.00053 
   18   18    1    1     1     1     1    1    1    1  1.77295E+15 0.00051 
   19   19    1    1     1     1     1    1    1    1  2.47468E+15 0.00049 
   20   20    1    1     1     1     1    1    1    1  2.50173E+15 0.00049 
   21   21    1    1     1     1     1    1    1    1  1.74636E+15 0.00054 
   22   22    1    1     1     1     1    1    1    1  3.16024E+15 0.00050 
   23   23    1    1     1     1     1    1    1    1  3.40879E+15 0.00047 
   24   24    1    1     1     1     1    1    1    1  3.18833E+15 0.00052 
   25   25    1    1     1     1     1    1    1    1  3.39443E+15 0.00048 
   26   26    1    1     1     1     1    1    1    1  2.99258E+15 0.00047 
   27   27    1    1     1     1     1    1    1    1  3.26483E+15 0.00047 
   28   28    1    1     1     1     1    1    1    1  3.59331E+15 0.00043 
   29   29    1    1     1     1     1    1    1    1  3.65063E+15 0.00046 
   30   30    1    1     1     1     1    1    1    1  3.72387E+15 0.00046 
   31   31    1    1     1     1     1    1    1    1  4.17883E+15 0.00045 
   32   32    1    1     1     1     1    1    1    1  4.05422E+15 0.00045 
   33   33    1    1     1     1     1    1    1    1  4.26671E+15 0.00040 
   34   34    1    1     1     1     1    1    1    1  4.46626E+15 0.00040 
   35   35    1    1     1     1     1    1    1    1  4.59337E+15 0.00042 
   36   36    1    1     1     1     1    1    1    1  4.79921E+15 0.00042 
   37   37    1    1     1     1     1    1    1    1  4.85722E+15 0.00040 
   38   38    1    1     1     1     1    1    1    1  5.03185E+15 0.00042 
   39   39    1    1     1     1     1    1    1    1  5.10639E+15 0.00043 
   40   40    1    1     1     1     1    1    1    1  5.19724E+15 0.00041 
   41   41    1    1     1     1     1    1    1    1  5.27864E+15 0.00043 
   42   42    1    1     1     1     1    1    1    1  5.41648E+15 0.00039 
   43   43    1    1     1     1     1    1    1    1  5.39078E+15 0.00041 
   44   44    1    1     1     1     1    1    1    1  5.49688E+15 0.00037 
   45   45    1    1     1     1     1    1    1    1  5.58321E+15 0.00039 
   46   46    1    1     1     1     1    1    1    1  5.69061E+15 0.00040 
   47   47    1    1     1     1     1    1    1    1  5.79298E+15 0.00040 
   48   48    1    1     1     1     1    1    1    1  5.92302E+15 0.00040 
   49   49    1    1     1     1     1    1    1    1  6.09900E+15 0.00041 
   50   50    1    1     1     1     1    1    1    1  6.34579E+15 0.00042 
   51   51    1    1     1     1     1    1    1    1  6.63393E+15 0.00042 
   52   52    1    1     1     1     1    1    1    1  7.06852E+15 0.00040 
   53   53    1    1     1     1     1    1    1    1  7.64650E+15 0.00038 
   54   54    1    1     1     1     1    1    1    1  8.43521E+15 0.00038 
   55   55    1    1     1     1     1    1    1    1  9.47562E+15 0.00037 
   56   56    1    1     1     1     1    1    1    1  1.09581E+16 0.00035 
   57   57    1    1     1     1     1    1    1    1  1.29729E+16 0.00034 
   58   58    1    1     1     1     1    1    1    1  1.61285E+16 0.00029 
   59   59    1    1     1     1     1    1    1    1  1.48670E+16 0.00031 
   60   60    1    1     1     1     1    1    1    1  2.15265E+16 0.00032 
   61   61    1    1     1     1     1    1    1    1  2.51933E+16 0.00031 
   62   62    1    1     1     1     1    1    1    1  2.09784E+16 0.00033 
   63   63    1    1     1     1     1    1    1    1  2.39077E+16 0.00033 
   64   64    1    1     1     1     1    1    1    1  2.46366E+16 0.00037 
   65   65    1    1     1     1     1    1    1    1  2.02088E+16 0.00044 
   66   66    1    1     1     1     1    1    1    1  1.29195E+16 0.00053 
   67   67    1    1     1     1     1    1    1    1  6.43913E+15 0.00082 
   68   68    1    1     1     1     1    1    1    1  1.68354E+15 0.00168 
   69   69    1    1     1     1     1    1    1    1  2.37125E+14 0.00428 
   70   70    1    1     1     1     1    1    1    1  1.39853E+13 0.02073 
];


