
DET1 = [
    1    1    1    1     1     1     1    1    1    1  1.49262E+12 0.00798 
    2    2    1    1     1     1     1    1    1    1  2.42680E+12 0.00794 
    3    3    1    1     1     1     1    1    1    1  4.20783E+12 0.00649 
    4    4    1    1     1     1     1    1    1    1  1.30201E+13 0.00413 
    5    5    1    1     1     1     1    1    1    1  1.84177E+13 0.00320 
    6    6    1    1     1     1     1    1    1    1  4.16662E+13 0.00231 
    7    7    1    1     1     1     1    1    1    1  7.09360E+13 0.00193 
    8    8    1    1     1     1     1    1    1    1  1.38931E+14 0.00134 
    9    9    1    1     1     1     1    1    1    1  2.44454E+14 0.00106 
   10   10    1    1     1     1     1    1    1    1  4.30733E+14 0.00094 
   11   11    1    1     1     1     1    1    1    1  7.07296E+14 0.00086 
   12   12    1    1     1     1     1    1    1    1  1.09044E+15 0.00068 
   13   13    1    1     1     1     1    1    1    1  1.53109E+15 0.00062 
   14   14    1    1     1     1     1    1    1    1  1.90743E+15 0.00057 
   15   15    1    1     1     1     1    1    1    1  2.01119E+15 0.00050 
   16   16    1    1     1     1     1    1    1    1  1.78679E+15 0.00053 
   17   17    1    1     1     1     1    1    1    1  1.41207E+15 0.00059 
   18   18    1    1     1     1     1    1    1    1  1.74333E+15 0.00048 
   19   19    1    1     1     1     1    1    1    1  2.44127E+15 0.00050 
   20   20    1    1     1     1     1    1    1    1  2.47437E+15 0.00048 
   21   21    1    1     1     1     1    1    1    1  1.73175E+15 0.00054 
   22   22    1    1     1     1     1    1    1    1  3.13512E+15 0.00046 
   23   23    1    1     1     1     1    1    1    1  3.36692E+15 0.00048 
   24   24    1    1     1     1     1    1    1    1  3.14817E+15 0.00051 
   25   25    1    1     1     1     1    1    1    1  3.35638E+15 0.00052 
   26   26    1    1     1     1     1    1    1    1  2.97150E+15 0.00046 
   27   27    1    1     1     1     1    1    1    1  3.22235E+15 0.00047 
   28   28    1    1     1     1     1    1    1    1  3.53726E+15 0.00041 
   29   29    1    1     1     1     1    1    1    1  3.60044E+15 0.00047 
   30   30    1    1     1     1     1    1    1    1  3.66831E+15 0.00044 
   31   31    1    1     1     1     1    1    1    1  4.11469E+15 0.00046 
   32   32    1    1     1     1     1    1    1    1  3.99606E+15 0.00045 
   33   33    1    1     1     1     1    1    1    1  4.19575E+15 0.00042 
   34   34    1    1     1     1     1    1    1    1  4.39484E+15 0.00042 
   35   35    1    1     1     1     1    1    1    1  4.52808E+15 0.00043 
   36   36    1    1     1     1     1    1    1    1  4.73139E+15 0.00038 
   37   37    1    1     1     1     1    1    1    1  4.78794E+15 0.00040 
   38   38    1    1     1     1     1    1    1    1  4.95764E+15 0.00039 
   39   39    1    1     1     1     1    1    1    1  5.02662E+15 0.00040 
   40   40    1    1     1     1     1    1    1    1  5.11964E+15 0.00043 
   41   41    1    1     1     1     1    1    1    1  5.19996E+15 0.00038 
   42   42    1    1     1     1     1    1    1    1  5.33212E+15 0.00042 
   43   43    1    1     1     1     1    1    1    1  5.30766E+15 0.00042 
   44   44    1    1     1     1     1    1    1    1  5.41545E+15 0.00042 
   45   45    1    1     1     1     1    1    1    1  5.50024E+15 0.00041 
   46   46    1    1     1     1     1    1    1    1  5.60579E+15 0.00038 
   47   47    1    1     1     1     1    1    1    1  5.70648E+15 0.00035 
   48   48    1    1     1     1     1    1    1    1  5.84083E+15 0.00037 
   49   49    1    1     1     1     1    1    1    1  6.01034E+15 0.00040 
   50   50    1    1     1     1     1    1    1    1  6.25515E+15 0.00039 
   51   51    1    1     1     1     1    1    1    1  6.53585E+15 0.00039 
   52   52    1    1     1     1     1    1    1    1  6.96955E+15 0.00038 
   53   53    1    1     1     1     1    1    1    1  7.53007E+15 0.00038 
   54   54    1    1     1     1     1    1    1    1  8.31173E+15 0.00035 
   55   55    1    1     1     1     1    1    1    1  9.33636E+15 0.00034 
   56   56    1    1     1     1     1    1    1    1  1.07980E+16 0.00037 
   57   57    1    1     1     1     1    1    1    1  1.27808E+16 0.00034 
   58   58    1    1     1     1     1    1    1    1  1.58821E+16 0.00034 
   59   59    1    1     1     1     1    1    1    1  1.46499E+16 0.00032 
   60   60    1    1     1     1     1    1    1    1  2.12090E+16 0.00030 
   61   61    1    1     1     1     1    1    1    1  2.48186E+16 0.00029 
   62   62    1    1     1     1     1    1    1    1  2.06780E+16 0.00036 
   63   63    1    1     1     1     1    1    1    1  2.35716E+16 0.00034 
   64   64    1    1     1     1     1    1    1    1  2.42983E+16 0.00034 
   65   65    1    1     1     1     1    1    1    1  1.99348E+16 0.00042 
   66   66    1    1     1     1     1    1    1    1  1.27554E+16 0.00056 
   67   67    1    1     1     1     1    1    1    1  6.33970E+15 0.00085 
   68   68    1    1     1     1     1    1    1    1  1.66316E+15 0.00176 
   69   69    1    1     1     1     1    1    1    1  2.35363E+14 0.00476 
   70   70    1    1     1     1     1    1    1    1  1.31235E+13 0.02207 
];


