
DET1 = [
    1    1    1    1     1     1     1    1    1    1  1.55239E+12 0.00958 
    2    2    1    1     1     1     1    1    1    1  2.49464E+12 0.00753 
    3    3    1    1     1     1     1    1    1    1  4.29631E+12 0.00639 
    4    4    1    1     1     1     1    1    1    1  1.33961E+13 0.00333 
    5    5    1    1     1     1     1    1    1    1  1.89045E+13 0.00360 
    6    6    1    1     1     1     1    1    1    1  4.25727E+13 0.00228 
    7    7    1    1     1     1     1    1    1    1  7.25111E+13 0.00190 
    8    8    1    1     1     1     1    1    1    1  1.42283E+14 0.00152 
    9    9    1    1     1     1     1    1    1    1  2.50397E+14 0.00123 
   10   10    1    1     1     1     1    1    1    1  4.42283E+14 0.00092 
   11   11    1    1     1     1     1    1    1    1  7.23923E+14 0.00080 
   12   12    1    1     1     1     1    1    1    1  1.11590E+15 0.00070 
   13   13    1    1     1     1     1    1    1    1  1.56546E+15 0.00062 
   14   14    1    1     1     1     1    1    1    1  1.94513E+15 0.00054 
   15   15    1    1     1     1     1    1    1    1  2.06392E+15 0.00053 
   16   16    1    1     1     1     1    1    1    1  1.84030E+15 0.00051 
   17   17    1    1     1     1     1    1    1    1  1.45225E+15 0.00061 
   18   18    1    1     1     1     1    1    1    1  1.79596E+15 0.00054 
   19   19    1    1     1     1     1    1    1    1  2.49555E+15 0.00047 
   20   20    1    1     1     1     1    1    1    1  2.51629E+15 0.00053 
   21   21    1    1     1     1     1    1    1    1  1.75927E+15 0.00054 
   22   22    1    1     1     1     1    1    1    1  3.16913E+15 0.00051 
   23   23    1    1     1     1     1    1    1    1  3.43775E+15 0.00054 
   24   24    1    1     1     1     1    1    1    1  3.21270E+15 0.00051 
   25   25    1    1     1     1     1    1    1    1  3.42000E+15 0.00048 
   26   26    1    1     1     1     1    1    1    1  3.00265E+15 0.00045 
   27   27    1    1     1     1     1    1    1    1  3.29951E+15 0.00046 
   28   28    1    1     1     1     1    1    1    1  3.63231E+15 0.00048 
   29   29    1    1     1     1     1    1    1    1  3.69159E+15 0.00040 
   30   30    1    1     1     1     1    1    1    1  3.76359E+15 0.00047 
   31   31    1    1     1     1     1    1    1    1  4.22321E+15 0.00047 
   32   32    1    1     1     1     1    1    1    1  4.10106E+15 0.00043 
   33   33    1    1     1     1     1    1    1    1  4.31558E+15 0.00044 
   34   34    1    1     1     1     1    1    1    1  4.51686E+15 0.00043 
   35   35    1    1     1     1     1    1    1    1  4.64928E+15 0.00045 
   36   36    1    1     1     1     1    1    1    1  4.85341E+15 0.00042 
   37   37    1    1     1     1     1    1    1    1  4.91297E+15 0.00042 
   38   38    1    1     1     1     1    1    1    1  5.08613E+15 0.00044 
   39   39    1    1     1     1     1    1    1    1  5.16513E+15 0.00042 
   40   40    1    1     1     1     1    1    1    1  5.25180E+15 0.00040 
   41   41    1    1     1     1     1    1    1    1  5.33606E+15 0.00042 
   42   42    1    1     1     1     1    1    1    1  5.47064E+15 0.00043 
   43   43    1    1     1     1     1    1    1    1  5.44831E+15 0.00041 
   44   44    1    1     1     1     1    1    1    1  5.55628E+15 0.00043 
   45   45    1    1     1     1     1    1    1    1  5.64711E+15 0.00043 
   46   46    1    1     1     1     1    1    1    1  5.75326E+15 0.00041 
   47   47    1    1     1     1     1    1    1    1  5.85656E+15 0.00039 
   48   48    1    1     1     1     1    1    1    1  5.99100E+15 0.00041 
   49   49    1    1     1     1     1    1    1    1  6.16737E+15 0.00040 
   50   50    1    1     1     1     1    1    1    1  6.41925E+15 0.00037 
   51   51    1    1     1     1     1    1    1    1  6.70778E+15 0.00041 
   52   52    1    1     1     1     1    1    1    1  7.15167E+15 0.00037 
   53   53    1    1     1     1     1    1    1    1  7.73146E+15 0.00036 
   54   54    1    1     1     1     1    1    1    1  8.52487E+15 0.00038 
   55   55    1    1     1     1     1    1    1    1  9.57300E+15 0.00034 
   56   56    1    1     1     1     1    1    1    1  1.10806E+16 0.00034 
   57   57    1    1     1     1     1    1    1    1  1.31072E+16 0.00036 
   58   58    1    1     1     1     1    1    1    1  1.62930E+16 0.00029 
   59   59    1    1     1     1     1    1    1    1  1.50221E+16 0.00031 
   60   60    1    1     1     1     1    1    1    1  2.17465E+16 0.00033 
   61   61    1    1     1     1     1    1    1    1  2.54651E+16 0.00031 
   62   62    1    1     1     1     1    1    1    1  2.11925E+16 0.00036 
   63   63    1    1     1     1     1    1    1    1  2.41708E+16 0.00036 
   64   64    1    1     1     1     1    1    1    1  2.49027E+16 0.00037 
   65   65    1    1     1     1     1    1    1    1  2.04194E+16 0.00044 
   66   66    1    1     1     1     1    1    1    1  1.30479E+16 0.00059 
   67   67    1    1     1     1     1    1    1    1  6.49992E+15 0.00089 
   68   68    1    1     1     1     1    1    1    1  1.70482E+15 0.00179 
   69   69    1    1     1     1     1    1    1    1  2.39662E+14 0.00443 
   70   70    1    1     1     1     1    1    1    1  1.34474E+13 0.02287 
];


