
DET1 = [
    1    1    1    1     1     1     1    1    1    1  1.53327E+12 0.00864 
    2    2    1    1     1     1     1    1    1    1  2.46883E+12 0.00734 
    3    3    1    1     1     1     1    1    1    1  4.24448E+12 0.00579 
    4    4    1    1     1     1     1    1    1    1  1.32099E+13 0.00375 
    5    5    1    1     1     1     1    1    1    1  1.87761E+13 0.00333 
    6    6    1    1     1     1     1    1    1    1  4.21808E+13 0.00234 
    7    7    1    1     1     1     1    1    1    1  7.20999E+13 0.00190 
    8    8    1    1     1     1     1    1    1    1  1.40812E+14 0.00143 
    9    9    1    1     1     1     1    1    1    1  2.48331E+14 0.00115 
   10   10    1    1     1     1     1    1    1    1  4.37642E+14 0.00092 
   11   11    1    1     1     1     1    1    1    1  7.17682E+14 0.00077 
   12   12    1    1     1     1     1    1    1    1  1.10432E+15 0.00063 
   13   13    1    1     1     1     1    1    1    1  1.54912E+15 0.00055 
   14   14    1    1     1     1     1    1    1    1  1.92636E+15 0.00058 
   15   15    1    1     1     1     1    1    1    1  2.04197E+15 0.00052 
   16   16    1    1     1     1     1    1    1    1  1.81964E+15 0.00052 
   17   17    1    1     1     1     1    1    1    1  1.43738E+15 0.00058 
   18   18    1    1     1     1     1    1    1    1  1.77907E+15 0.00053 
   19   19    1    1     1     1     1    1    1    1  2.47677E+15 0.00052 
   20   20    1    1     1     1     1    1    1    1  2.50314E+15 0.00051 
   21   21    1    1     1     1     1    1    1    1  1.75028E+15 0.00055 
   22   22    1    1     1     1     1    1    1    1  3.16053E+15 0.00050 
   23   23    1    1     1     1     1    1    1    1  3.41408E+15 0.00048 
   24   24    1    1     1     1     1    1    1    1  3.19450E+15 0.00048 
   25   25    1    1     1     1     1    1    1    1  3.40294E+15 0.00046 
   26   26    1    1     1     1     1    1    1    1  2.99775E+15 0.00047 
   27   27    1    1     1     1     1    1    1    1  3.27253E+15 0.00048 
   28   28    1    1     1     1     1    1    1    1  3.60144E+15 0.00046 
   29   29    1    1     1     1     1    1    1    1  3.66242E+15 0.00046 
   30   30    1    1     1     1     1    1    1    1  3.73596E+15 0.00045 
   31   31    1    1     1     1     1    1    1    1  4.19134E+15 0.00045 
   32   32    1    1     1     1     1    1    1    1  4.06699E+15 0.00047 
   33   33    1    1     1     1     1    1    1    1  4.27820E+15 0.00044 
   34   34    1    1     1     1     1    1    1    1  4.47978E+15 0.00045 
   35   35    1    1     1     1     1    1    1    1  4.61048E+15 0.00041 
   36   36    1    1     1     1     1    1    1    1  4.81643E+15 0.00042 
   37   37    1    1     1     1     1    1    1    1  4.87484E+15 0.00045 
   38   38    1    1     1     1     1    1    1    1  5.04402E+15 0.00042 
   39   39    1    1     1     1     1    1    1    1  5.12019E+15 0.00036 
   40   40    1    1     1     1     1    1    1    1  5.21086E+15 0.00042 
   41   41    1    1     1     1     1    1    1    1  5.29184E+15 0.00043 
   42   42    1    1     1     1     1    1    1    1  5.43358E+15 0.00040 
   43   43    1    1     1     1     1    1    1    1  5.40447E+15 0.00042 
   44   44    1    1     1     1     1    1    1    1  5.51309E+15 0.00041 
   45   45    1    1     1     1     1    1    1    1  5.59965E+15 0.00040 
   46   46    1    1     1     1     1    1    1    1  5.70647E+15 0.00038 
   47   47    1    1     1     1     1    1    1    1  5.81023E+15 0.00038 
   48   48    1    1     1     1     1    1    1    1  5.93987E+15 0.00038 
   49   49    1    1     1     1     1    1    1    1  6.11725E+15 0.00040 
   50   50    1    1     1     1     1    1    1    1  6.36418E+15 0.00039 
   51   51    1    1     1     1     1    1    1    1  6.65494E+15 0.00040 
   52   52    1    1     1     1     1    1    1    1  7.09253E+15 0.00038 
   53   53    1    1     1     1     1    1    1    1  7.66140E+15 0.00038 
   54   54    1    1     1     1     1    1    1    1  8.46177E+15 0.00037 
   55   55    1    1     1     1     1    1    1    1  9.50641E+15 0.00032 
   56   56    1    1     1     1     1    1    1    1  1.09900E+16 0.00035 
   57   57    1    1     1     1     1    1    1    1  1.30063E+16 0.00034 
   58   58    1    1     1     1     1    1    1    1  1.61639E+16 0.00033 
   59   59    1    1     1     1     1    1    1    1  1.49087E+16 0.00033 
   60   60    1    1     1     1     1    1    1    1  2.15910E+16 0.00032 
   61   61    1    1     1     1     1    1    1    1  2.52722E+16 0.00029 
   62   62    1    1     1     1     1    1    1    1  2.10351E+16 0.00035 
   63   63    1    1     1     1     1    1    1    1  2.39855E+16 0.00037 
   64   64    1    1     1     1     1    1    1    1  2.47212E+16 0.00039 
   65   65    1    1     1     1     1    1    1    1  2.02661E+16 0.00043 
   66   66    1    1     1     1     1    1    1    1  1.29537E+16 0.00058 
   67   67    1    1     1     1     1    1    1    1  6.45119E+15 0.00087 
   68   68    1    1     1     1     1    1    1    1  1.68766E+15 0.00172 
   69   69    1    1     1     1     1    1    1    1  2.39114E+14 0.00500 
   70   70    1    1     1     1     1    1    1    1  1.36321E+13 0.02097 
];


