
DET1 = [
    1    1    1    1     1     1     1    1    1    1  1.49833E+12 0.00847 
    2    2    1    1     1     1     1    1    1    1  2.41217E+12 0.00848 
    3    3    1    1     1     1     1    1    1    1  4.17015E+12 0.00593 
    4    4    1    1     1     1     1    1    1    1  1.30347E+13 0.00339 
    5    5    1    1     1     1     1    1    1    1  1.84313E+13 0.00319 
    6    6    1    1     1     1     1    1    1    1  4.17994E+13 0.00242 
    7    7    1    1     1     1     1    1    1    1  7.08665E+13 0.00186 
    8    8    1    1     1     1     1    1    1    1  1.39012E+14 0.00141 
    9    9    1    1     1     1     1    1    1    1  2.45265E+14 0.00114 
   10   10    1    1     1     1     1    1    1    1  4.32571E+14 0.00100 
   11   11    1    1     1     1     1    1    1    1  7.09214E+14 0.00083 
   12   12    1    1     1     1     1    1    1    1  1.09243E+15 0.00069 
   13   13    1    1     1     1     1    1    1    1  1.53340E+15 0.00061 
   14   14    1    1     1     1     1    1    1    1  1.90763E+15 0.00054 
   15   15    1    1     1     1     1    1    1    1  2.01662E+15 0.00051 
   16   16    1    1     1     1     1    1    1    1  1.79005E+15 0.00056 
   17   17    1    1     1     1     1    1    1    1  1.41497E+15 0.00063 
   18   18    1    1     1     1     1    1    1    1  1.74961E+15 0.00055 
   19   19    1    1     1     1     1    1    1    1  2.44932E+15 0.00051 
   20   20    1    1     1     1     1    1    1    1  2.47752E+15 0.00048 
   21   21    1    1     1     1     1    1    1    1  1.73381E+15 0.00054 
   22   22    1    1     1     1     1    1    1    1  3.14057E+15 0.00051 
   23   23    1    1     1     1     1    1    1    1  3.37876E+15 0.00050 
   24   24    1    1     1     1     1    1    1    1  3.15300E+15 0.00048 
   25   25    1    1     1     1     1    1    1    1  3.36455E+15 0.00051 
   26   26    1    1     1     1     1    1    1    1  2.97488E+15 0.00045 
   27   27    1    1     1     1     1    1    1    1  3.22982E+15 0.00048 
   28   28    1    1     1     1     1    1    1    1  3.54731E+15 0.00044 
   29   29    1    1     1     1     1    1    1    1  3.61113E+15 0.00042 
   30   30    1    1     1     1     1    1    1    1  3.68143E+15 0.00049 
   31   31    1    1     1     1     1    1    1    1  4.12758E+15 0.00044 
   32   32    1    1     1     1     1    1    1    1  4.00977E+15 0.00046 
   33   33    1    1     1     1     1    1    1    1  4.21550E+15 0.00047 
   34   34    1    1     1     1     1    1    1    1  4.41347E+15 0.00043 
   35   35    1    1     1     1     1    1    1    1  4.54143E+15 0.00040 
   36   36    1    1     1     1     1    1    1    1  4.74403E+15 0.00038 
   37   37    1    1     1     1     1    1    1    1  4.80217E+15 0.00043 
   38   38    1    1     1     1     1    1    1    1  4.97023E+15 0.00040 
   39   39    1    1     1     1     1    1    1    1  5.04299E+15 0.00044 
   40   40    1    1     1     1     1    1    1    1  5.13534E+15 0.00039 
   41   41    1    1     1     1     1    1    1    1  5.21444E+15 0.00043 
   42   42    1    1     1     1     1    1    1    1  5.35608E+15 0.00044 
   43   43    1    1     1     1     1    1    1    1  5.32980E+15 0.00044 
   44   44    1    1     1     1     1    1    1    1  5.43129E+15 0.00044 
   45   45    1    1     1     1     1    1    1    1  5.51592E+15 0.00041 
   46   46    1    1     1     1     1    1    1    1  5.62121E+15 0.00043 
   47   47    1    1     1     1     1    1    1    1  5.72472E+15 0.00040 
   48   48    1    1     1     1     1    1    1    1  5.85630E+15 0.00038 
   49   49    1    1     1     1     1    1    1    1  6.02856E+15 0.00038 
   50   50    1    1     1     1     1    1    1    1  6.27661E+15 0.00037 
   51   51    1    1     1     1     1    1    1    1  6.55481E+15 0.00041 
   52   52    1    1     1     1     1    1    1    1  6.99297E+15 0.00038 
   53   53    1    1     1     1     1    1    1    1  7.55646E+15 0.00034 
   54   54    1    1     1     1     1    1    1    1  8.33436E+15 0.00034 
   55   55    1    1     1     1     1    1    1    1  9.35981E+15 0.00036 
   56   56    1    1     1     1     1    1    1    1  1.08268E+16 0.00037 
   57   57    1    1     1     1     1    1    1    1  1.28191E+16 0.00031 
   58   58    1    1     1     1     1    1    1    1  1.59229E+16 0.00031 
   59   59    1    1     1     1     1    1    1    1  1.46949E+16 0.00032 
   60   60    1    1     1     1     1    1    1    1  2.12778E+16 0.00030 
   61   61    1    1     1     1     1    1    1    1  2.49158E+16 0.00030 
   62   62    1    1     1     1     1    1    1    1  2.07364E+16 0.00031 
   63   63    1    1     1     1     1    1    1    1  2.36522E+16 0.00033 
   64   64    1    1     1     1     1    1    1    1  2.43633E+16 0.00037 
   65   65    1    1     1     1     1    1    1    1  1.99969E+16 0.00046 
   66   66    1    1     1     1     1    1    1    1  1.27951E+16 0.00052 
   67   67    1    1     1     1     1    1    1    1  6.37699E+15 0.00091 
   68   68    1    1     1     1     1    1    1    1  1.66714E+15 0.00174 
   69   69    1    1     1     1     1    1    1    1  2.34419E+14 0.00499 
   70   70    1    1     1     1     1    1    1    1  1.28634E+13 0.02247 
];


