
DET1 = [
    1    1    1    1     1     1     1    1    1    1  1.80482E+12 0.01004 
    2    2    1    1     1     1     1    1    1    1  2.89790E+12 0.00783 
    3    3    1    1     1     1     1    1    1    1  4.95590E+12 0.00569 
    4    4    1    1     1     1     1    1    1    1  1.56739E+13 0.00362 
    5    5    1    1     1     1     1    1    1    1  2.20361E+13 0.00317 
    6    6    1    1     1     1     1    1    1    1  4.99833E+13 0.00214 
    7    7    1    1     1     1     1    1    1    1  8.53060E+13 0.00189 
    8    8    1    1     1     1     1    1    1    1  1.67416E+14 0.00128 
    9    9    1    1     1     1     1    1    1    1  2.94488E+14 0.00115 
   10   10    1    1     1     1     1    1    1    1  5.21060E+14 0.00089 
   11   11    1    1     1     1     1    1    1    1  8.54217E+14 0.00065 
   12   12    1    1     1     1     1    1    1    1  1.31411E+15 0.00064 
   13   13    1    1     1     1     1    1    1    1  1.84213E+15 0.00058 
   14   14    1    1     1     1     1    1    1    1  2.28356E+15 0.00053 
   15   15    1    1     1     1     1    1    1    1  2.41297E+15 0.00051 
   16   16    1    1     1     1     1    1    1    1  2.12981E+15 0.00050 
   17   17    1    1     1     1     1    1    1    1  1.64226E+15 0.00054 
   18   18    1    1     1     1     1    1    1    1  2.03001E+15 0.00051 
   19   19    1    1     1     1     1    1    1    1  2.70943E+15 0.00054 
   20   20    1    1     1     1     1    1    1    1  2.68498E+15 0.00049 
   21   21    1    1     1     1     1    1    1    1  1.84966E+15 0.00055 
   22   22    1    1     1     1     1    1    1    1  3.25704E+15 0.00052 
   23   23    1    1     1     1     1    1    1    1  3.66090E+15 0.00049 
   24   24    1    1     1     1     1    1    1    1  3.41939E+15 0.00049 
   25   25    1    1     1     1     1    1    1    1  3.63177E+15 0.00052 
   26   26    1    1     1     1     1    1    1    1  3.09919E+15 0.00049 
   27   27    1    1     1     1     1    1    1    1  3.55631E+15 0.00044 
   28   28    1    1     1     1     1    1    1    1  4.00610E+15 0.00041 
   29   29    1    1     1     1     1    1    1    1  4.00629E+15 0.00043 
   30   30    1    1     1     1     1    1    1    1  4.10839E+15 0.00045 
   31   31    1    1     1     1     1    1    1    1  4.57877E+15 0.00045 
   32   32    1    1     1     1     1    1    1    1  4.45825E+15 0.00043 
   33   33    1    1     1     1     1    1    1    1  4.73551E+15 0.00041 
   34   34    1    1     1     1     1    1    1    1  4.94170E+15 0.00041 
   35   35    1    1     1     1     1    1    1    1  5.06229E+15 0.00039 
   36   36    1    1     1     1     1    1    1    1  5.28214E+15 0.00043 
   37   37    1    1     1     1     1    1    1    1  5.36214E+15 0.00038 
   38   38    1    1     1     1     1    1    1    1  5.53104E+15 0.00043 
   39   39    1    1     1     1     1    1    1    1  5.61326E+15 0.00040 
   40   40    1    1     1     1     1    1    1    1  5.71927E+15 0.00043 
   41   41    1    1     1     1     1    1    1    1  5.80800E+15 0.00042 
   42   42    1    1     1     1     1    1    1    1  5.94891E+15 0.00042 
   43   43    1    1     1     1     1    1    1    1  5.92758E+15 0.00041 
   44   44    1    1     1     1     1    1    1    1  6.04557E+15 0.00037 
   45   45    1    1     1     1     1    1    1    1  6.13078E+15 0.00040 
   46   46    1    1     1     1     1    1    1    1  6.25155E+15 0.00043 
   47   47    1    1     1     1     1    1    1    1  6.36570E+15 0.00039 
   48   48    1    1     1     1     1    1    1    1  6.50572E+15 0.00043 
   49   49    1    1     1     1     1    1    1    1  6.70351E+15 0.00039 
   50   50    1    1     1     1     1    1    1    1  6.97685E+15 0.00039 
   51   51    1    1     1     1     1    1    1    1  7.29012E+15 0.00037 
   52   52    1    1     1     1     1    1    1    1  7.77540E+15 0.00039 
   53   53    1    1     1     1     1    1    1    1  8.39425E+15 0.00040 
   54   54    1    1     1     1     1    1    1    1  9.27072E+15 0.00037 
   55   55    1    1     1     1     1    1    1    1  1.04123E+16 0.00036 
   56   56    1    1     1     1     1    1    1    1  1.20425E+16 0.00036 
   57   57    1    1     1     1     1    1    1    1  1.42393E+16 0.00034 
   58   58    1    1     1     1     1    1    1    1  1.76986E+16 0.00031 
   59   59    1    1     1     1     1    1    1    1  1.63092E+16 0.00034 
   60   60    1    1     1     1     1    1    1    1  2.36221E+16 0.00032 
   61   61    1    1     1     1     1    1    1    1  2.76287E+16 0.00030 
   62   62    1    1     1     1     1    1    1    1  2.29523E+16 0.00032 
   63   63    1    1     1     1     1    1    1    1  2.61648E+16 0.00032 
   64   64    1    1     1     1     1    1    1    1  2.68590E+16 0.00036 
   65   65    1    1     1     1     1    1    1    1  2.19936E+16 0.00042 
   66   66    1    1     1     1     1    1    1    1  1.40633E+16 0.00058 
   67   67    1    1     1     1     1    1    1    1  7.01026E+15 0.00092 
   68   68    1    1     1     1     1    1    1    1  1.83683E+15 0.00172 
   69   69    1    1     1     1     1    1    1    1  2.60919E+14 0.00427 
   70   70    1    1     1     1     1    1    1    1  1.47951E+13 0.02168 
];


