
DET1 = [
    1    1    1    1     1     1     1    1    1    1  2.12319E+12 0.01036 
    2    2    1    1     1     1     1    1    1    1  3.32867E+12 0.00714 
    3    3    1    1     1     1     1    1    1    1  5.81567E+12 0.00593 
    4    4    1    1     1     1     1    1    1    1  1.81014E+13 0.00320 
    5    5    1    1     1     1     1    1    1    1  2.58322E+13 0.00289 
    6    6    1    1     1     1     1    1    1    1  5.86310E+13 0.00227 
    7    7    1    1     1     1     1    1    1    1  1.00060E+14 0.00163 
    8    8    1    1     1     1     1    1    1    1  1.95807E+14 0.00144 
    9    9    1    1     1     1     1    1    1    1  3.47412E+14 0.00106 
   10   10    1    1     1     1     1    1    1    1  6.12356E+14 0.00087 
   11   11    1    1     1     1     1    1    1    1  1.00600E+15 0.00078 
   12   12    1    1     1     1     1    1    1    1  1.54627E+15 0.00063 
   13   13    1    1     1     1     1    1    1    1  2.16504E+15 0.00057 
   14   14    1    1     1     1     1    1    1    1  2.67340E+15 0.00051 
   15   15    1    1     1     1     1    1    1    1  2.81176E+15 0.00052 
   16   16    1    1     1     1     1    1    1    1  2.46167E+15 0.00052 
   17   17    1    1     1     1     1    1    1    1  1.85861E+15 0.00051 
   18   18    1    1     1     1     1    1    1    1  2.28193E+15 0.00045 
   19   19    1    1     1     1     1    1    1    1  2.92818E+15 0.00051 
   20   20    1    1     1     1     1    1    1    1  2.86601E+15 0.00050 
   21   21    1    1     1     1     1    1    1    1  1.96367E+15 0.00054 
   22   22    1    1     1     1     1    1    1    1  3.38934E+15 0.00048 
   23   23    1    1     1     1     1    1    1    1  3.87204E+15 0.00053 
   24   24    1    1     1     1     1    1    1    1  3.60846E+15 0.00050 
   25   25    1    1     1     1     1    1    1    1  3.84694E+15 0.00044 
   26   26    1    1     1     1     1    1    1    1  3.22489E+15 0.00050 
   27   27    1    1     1     1     1    1    1    1  3.79314E+15 0.00044 
   28   28    1    1     1     1     1    1    1    1  4.34802E+15 0.00046 
   29   29    1    1     1     1     1    1    1    1  4.29425E+15 0.00042 
   30   30    1    1     1     1     1    1    1    1  4.40798E+15 0.00045 
   31   31    1    1     1     1     1    1    1    1  4.89763E+15 0.00045 
   32   32    1    1     1     1     1    1    1    1  4.77616E+15 0.00041 
   33   33    1    1     1     1     1    1    1    1  5.10258E+15 0.00044 
   34   34    1    1     1     1     1    1    1    1  5.31829E+15 0.00040 
   35   35    1    1     1     1     1    1    1    1  5.42783E+15 0.00047 
   36   36    1    1     1     1     1    1    1    1  5.65225E+15 0.00037 
   37   37    1    1     1     1     1    1    1    1  5.75358E+15 0.00042 
   38   38    1    1     1     1     1    1    1    1  5.91834E+15 0.00041 
   39   39    1    1     1     1     1    1    1    1  6.01336E+15 0.00045 
   40   40    1    1     1     1     1    1    1    1  6.12326E+15 0.00044 
   41   41    1    1     1     1     1    1    1    1  6.21875E+15 0.00045 
   42   42    1    1     1     1     1    1    1    1  6.37250E+15 0.00043 
   43   43    1    1     1     1     1    1    1    1  6.34558E+15 0.00040 
   44   44    1    1     1     1     1    1    1    1  6.46048E+15 0.00045 
   45   45    1    1     1     1     1    1    1    1  6.56404E+15 0.00039 
   46   46    1    1     1     1     1    1    1    1  6.69338E+15 0.00042 
   47   47    1    1     1     1     1    1    1    1  6.80770E+15 0.00042 
   48   48    1    1     1     1     1    1    1    1  6.96531E+15 0.00042 
   49   49    1    1     1     1     1    1    1    1  7.16777E+15 0.00041 
   50   50    1    1     1     1     1    1    1    1  7.46636E+15 0.00040 
   51   51    1    1     1     1     1    1    1    1  7.79615E+15 0.00038 
   52   52    1    1     1     1     1    1    1    1  8.31002E+15 0.00039 
   53   53    1    1     1     1     1    1    1    1  8.98125E+15 0.00040 
   54   54    1    1     1     1     1    1    1    1  9.91418E+15 0.00041 
   55   55    1    1     1     1     1    1    1    1  1.11300E+16 0.00037 
   56   56    1    1     1     1     1    1    1    1  1.28739E+16 0.00035 
   57   57    1    1     1     1     1    1    1    1  1.52431E+16 0.00037 
   58   58    1    1     1     1     1    1    1    1  1.89342E+16 0.00030 
   59   59    1    1     1     1     1    1    1    1  1.74487E+16 0.00032 
   60   60    1    1     1     1     1    1    1    1  2.52405E+16 0.00034 
   61   61    1    1     1     1     1    1    1    1  2.95235E+16 0.00031 
   62   62    1    1     1     1     1    1    1    1  2.45208E+16 0.00033 
   63   63    1    1     1     1     1    1    1    1  2.78847E+16 0.00033 
   64   64    1    1     1     1     1    1    1    1  2.85606E+16 0.00033 
   65   65    1    1     1     1     1    1    1    1  2.33607E+16 0.00039 
   66   66    1    1     1     1     1    1    1    1  1.49282E+16 0.00059 
   67   67    1    1     1     1     1    1    1    1  7.44563E+15 0.00084 
   68   68    1    1     1     1     1    1    1    1  1.96182E+15 0.00175 
   69   69    1    1     1     1     1    1    1    1  2.79170E+14 0.00426 
   70   70    1    1     1     1     1    1    1    1  1.60009E+13 0.01926 
];


