
DET1 = [
    1    1    1    1     1     1     1    1    1    1  1.54910E+12 0.01071 
    2    2    1    1     1     1     1    1    1    1  2.39461E+12 0.00731 
    3    3    1    1     1     1     1    1    1    1  4.16614E+12 0.00606 
    4    4    1    1     1     1     1    1    1    1  1.30801E+13 0.00357 
    5    5    1    1     1     1     1    1    1    1  1.85697E+13 0.00314 
    6    6    1    1     1     1     1    1    1    1  4.19684E+13 0.00233 
    7    7    1    1     1     1     1    1    1    1  7.12788E+13 0.00192 
    8    8    1    1     1     1     1    1    1    1  1.39872E+14 0.00147 
    9    9    1    1     1     1     1    1    1    1  2.47055E+14 0.00125 
   10   10    1    1     1     1     1    1    1    1  4.36138E+14 0.00095 
   11   11    1    1     1     1     1    1    1    1  7.16519E+14 0.00080 
   12   12    1    1     1     1     1    1    1    1  1.10386E+15 0.00073 
   13   13    1    1     1     1     1    1    1    1  1.55259E+15 0.00060 
   14   14    1    1     1     1     1    1    1    1  1.92604E+15 0.00050 
   15   15    1    1     1     1     1    1    1    1  2.01427E+15 0.00055 
   16   16    1    1     1     1     1    1    1    1  1.77440E+15 0.00051 
   17   17    1    1     1     1     1    1    1    1  1.39479E+15 0.00057 
   18   18    1    1     1     1     1    1    1    1  1.71811E+15 0.00054 
   19   19    1    1     1     1     1    1    1    1  2.40889E+15 0.00053 
   20   20    1    1     1     1     1    1    1    1  2.43881E+15 0.00051 
   21   21    1    1     1     1     1    1    1    1  1.70448E+15 0.00054 
   22   22    1    1     1     1     1    1    1    1  3.08962E+15 0.00051 
   23   23    1    1     1     1     1    1    1    1  3.31741E+15 0.00048 
   24   24    1    1     1     1     1    1    1    1  3.10092E+15 0.00048 
   25   25    1    1     1     1     1    1    1    1  3.30845E+15 0.00045 
   26   26    1    1     1     1     1    1    1    1  2.93031E+15 0.00049 
   27   27    1    1     1     1     1    1    1    1  3.17208E+15 0.00043 
   28   28    1    1     1     1     1    1    1    1  3.48001E+15 0.00047 
   29   29    1    1     1     1     1    1    1    1  3.54640E+15 0.00044 
   30   30    1    1     1     1     1    1    1    1  3.61438E+15 0.00044 
   31   31    1    1     1     1     1    1    1    1  4.05980E+15 0.00045 
   32   32    1    1     1     1     1    1    1    1  3.93497E+15 0.00046 
   33   33    1    1     1     1     1    1    1    1  4.13591E+15 0.00041 
   34   34    1    1     1     1     1    1    1    1  4.33209E+15 0.00041 
   35   35    1    1     1     1     1    1    1    1  4.46084E+15 0.00040 
   36   36    1    1     1     1     1    1    1    1  4.65741E+15 0.00042 
   37   37    1    1     1     1     1    1    1    1  4.71274E+15 0.00043 
   38   38    1    1     1     1     1    1    1    1  4.88429E+15 0.00042 
   39   39    1    1     1     1     1    1    1    1  4.95364E+15 0.00038 
   40   40    1    1     1     1     1    1    1    1  5.04275E+15 0.00038 
   41   41    1    1     1     1     1    1    1    1  5.12239E+15 0.00043 
   42   42    1    1     1     1     1    1    1    1  5.25612E+15 0.00044 
   43   43    1    1     1     1     1    1    1    1  5.23139E+15 0.00044 
   44   44    1    1     1     1     1    1    1    1  5.33544E+15 0.00036 
   45   45    1    1     1     1     1    1    1    1  5.41829E+15 0.00041 
   46   46    1    1     1     1     1    1    1    1  5.52034E+15 0.00038 
   47   47    1    1     1     1     1    1    1    1  5.62052E+15 0.00039 
   48   48    1    1     1     1     1    1    1    1  5.75369E+15 0.00041 
   49   49    1    1     1     1     1    1    1    1  5.91621E+15 0.00039 
   50   50    1    1     1     1     1    1    1    1  6.16116E+15 0.00036 
   51   51    1    1     1     1     1    1    1    1  6.43960E+15 0.00039 
   52   52    1    1     1     1     1    1    1    1  6.86419E+15 0.00038 
   53   53    1    1     1     1     1    1    1    1  7.42545E+15 0.00037 
   54   54    1    1     1     1     1    1    1    1  8.18402E+15 0.00038 
   55   55    1    1     1     1     1    1    1    1  9.20101E+15 0.00034 
   56   56    1    1     1     1     1    1    1    1  1.06349E+16 0.00032 
   57   57    1    1     1     1     1    1    1    1  1.25940E+16 0.00033 
   58   58    1    1     1     1     1    1    1    1  1.56454E+16 0.00031 
   59   59    1    1     1     1     1    1    1    1  1.44314E+16 0.00034 
   60   60    1    1     1     1     1    1    1    1  2.08953E+16 0.00032 
   61   61    1    1     1     1     1    1    1    1  2.44565E+16 0.00029 
   62   62    1    1     1     1     1    1    1    1  2.03566E+16 0.00035 
   63   63    1    1     1     1     1    1    1    1  2.32184E+16 0.00035 
   64   64    1    1     1     1     1    1    1    1  2.39434E+16 0.00036 
   65   65    1    1     1     1     1    1    1    1  1.96431E+16 0.00041 
   66   66    1    1     1     1     1    1    1    1  1.25707E+16 0.00057 
   67   67    1    1     1     1     1    1    1    1  6.25728E+15 0.00083 
   68   68    1    1     1     1     1    1    1    1  1.63790E+15 0.00159 
   69   69    1    1     1     1     1    1    1    1  2.28580E+14 0.00457 
   70   70    1    1     1     1     1    1    1    1  1.29777E+13 0.02301 
];


