
DET1 = [
    1    1    1    1     1     1     1    1    1    1  1.59566E+12 0.00892 
    2    2    1    1     1     1     1    1    1    1  2.56588E+12 0.00782 
    3    3    1    1     1     1     1    1    1    1  4.36558E+12 0.00536 
    4    4    1    1     1     1     1    1    1    1  1.37637E+13 0.00356 
    5    5    1    1     1     1     1    1    1    1  1.93335E+13 0.00314 
    6    6    1    1     1     1     1    1    1    1  4.38244E+13 0.00223 
    7    7    1    1     1     1     1    1    1    1  7.47516E+13 0.00183 
    8    8    1    1     1     1     1    1    1    1  1.46649E+14 0.00139 
    9    9    1    1     1     1     1    1    1    1  2.58125E+14 0.00108 
   10   10    1    1     1     1     1    1    1    1  4.55960E+14 0.00095 
   11   11    1    1     1     1     1    1    1    1  7.46071E+14 0.00076 
   12   12    1    1     1     1     1    1    1    1  1.14982E+15 0.00062 
   13   13    1    1     1     1     1    1    1    1  1.61244E+15 0.00062 
   14   14    1    1     1     1     1    1    1    1  2.00512E+15 0.00051 
   15   15    1    1     1     1     1    1    1    1  2.12691E+15 0.00050 
   16   16    1    1     1     1     1    1    1    1  1.89296E+15 0.00055 
   17   17    1    1     1     1     1    1    1    1  1.48600E+15 0.00059 
   18   18    1    1     1     1     1    1    1    1  1.83845E+15 0.00051 
   19   19    1    1     1     1     1    1    1    1  2.53764E+15 0.00050 
   20   20    1    1     1     1     1    1    1    1  2.54901E+15 0.00049 
   21   21    1    1     1     1     1    1    1    1  1.77474E+15 0.00052 
   22   22    1    1     1     1     1    1    1    1  3.18477E+15 0.00053 
   23   23    1    1     1     1     1    1    1    1  3.48026E+15 0.00056 
   24   24    1    1     1     1     1    1    1    1  3.25662E+15 0.00049 
   25   25    1    1     1     1     1    1    1    1  3.45982E+15 0.00049 
   26   26    1    1     1     1     1    1    1    1  3.01945E+15 0.00047 
   27   27    1    1     1     1     1    1    1    1  3.35542E+15 0.00051 
   28   28    1    1     1     1     1    1    1    1  3.71062E+15 0.00047 
   29   29    1    1     1     1     1    1    1    1  3.75585E+15 0.00046 
   30   30    1    1     1     1     1    1    1    1  3.83671E+15 0.00041 
   31   31    1    1     1     1     1    1    1    1  4.29847E+15 0.00047 
   32   32    1    1     1     1     1    1    1    1  4.17358E+15 0.00045 
   33   33    1    1     1     1     1    1    1    1  4.40346E+15 0.00049 
   34   34    1    1     1     1     1    1    1    1  4.60911E+15 0.00039 
   35   35    1    1     1     1     1    1    1    1  4.73453E+15 0.00042 
   36   36    1    1     1     1     1    1    1    1  4.94288E+15 0.00041 
   37   37    1    1     1     1     1    1    1    1  5.00937E+15 0.00045 
   38   38    1    1     1     1     1    1    1    1  5.18175E+15 0.00042 
   39   39    1    1     1     1     1    1    1    1  5.25464E+15 0.00045 
   40   40    1    1     1     1     1    1    1    1  5.34902E+15 0.00048 
   41   41    1    1     1     1     1    1    1    1  5.43554E+15 0.00041 
   42   42    1    1     1     1     1    1    1    1  5.57032E+15 0.00043 
   43   43    1    1     1     1     1    1    1    1  5.55236E+15 0.00042 
   44   44    1    1     1     1     1    1    1    1  5.66156E+15 0.00039 
   45   45    1    1     1     1     1    1    1    1  5.75039E+15 0.00042 
   46   46    1    1     1     1     1    1    1    1  5.85680E+15 0.00041 
   47   47    1    1     1     1     1    1    1    1  5.96545E+15 0.00040 
   48   48    1    1     1     1     1    1    1    1  6.10142E+15 0.00040 
   49   49    1    1     1     1     1    1    1    1  6.27454E+15 0.00041 
   50   50    1    1     1     1     1    1    1    1  6.53653E+15 0.00039 
   51   51    1    1     1     1     1    1    1    1  6.83289E+15 0.00040 
   52   52    1    1     1     1     1    1    1    1  7.28467E+15 0.00043 
   53   53    1    1     1     1     1    1    1    1  7.86592E+15 0.00035 
   54   54    1    1     1     1     1    1    1    1  8.68290E+15 0.00037 
   55   55    1    1     1     1     1    1    1    1  9.75145E+15 0.00038 
   56   56    1    1     1     1     1    1    1    1  1.12796E+16 0.00035 
   57   57    1    1     1     1     1    1    1    1  1.33568E+16 0.00035 
   58   58    1    1     1     1     1    1    1    1  1.65880E+16 0.00028 
   59   59    1    1     1     1     1    1    1    1  1.53008E+16 0.00031 
   60   60    1    1     1     1     1    1    1    1  2.21602E+16 0.00034 
   61   61    1    1     1     1     1    1    1    1  2.59323E+16 0.00034 
   62   62    1    1     1     1     1    1    1    1  2.15748E+16 0.00036 
   63   63    1    1     1     1     1    1    1    1  2.45787E+16 0.00039 
   64   64    1    1     1     1     1    1    1    1  2.53162E+16 0.00036 
   65   65    1    1     1     1     1    1    1    1  2.07432E+16 0.00040 
   66   66    1    1     1     1     1    1    1    1  1.32509E+16 0.00056 
   67   67    1    1     1     1     1    1    1    1  6.60386E+15 0.00080 
   68   68    1    1     1     1     1    1    1    1  1.72672E+15 0.00180 
   69   69    1    1     1     1     1    1    1    1  2.44911E+14 0.00495 
   70   70    1    1     1     1     1    1    1    1  1.41677E+13 0.02186 
];


