
DET1 = [
    1    1    1    1     1     1     1    1    1    1  1.62304E+12 0.00942 
    2    2    1    1     1     1     1    1    1    1  2.59745E+12 0.00774 
    3    3    1    1     1     1     1    1    1    1  4.44412E+12 0.00603 
    4    4    1    1     1     1     1    1    1    1  1.39706E+13 0.00358 
    5    5    1    1     1     1     1    1    1    1  1.96877E+13 0.00347 
    6    6    1    1     1     1     1    1    1    1  4.46352E+13 0.00223 
    7    7    1    1     1     1     1    1    1    1  7.59949E+13 0.00184 
    8    8    1    1     1     1     1    1    1    1  1.48930E+14 0.00132 
    9    9    1    1     1     1     1    1    1    1  2.62783E+14 0.00111 
   10   10    1    1     1     1     1    1    1    1  4.62168E+14 0.00093 
   11   11    1    1     1     1     1    1    1    1  7.59655E+14 0.00075 
   12   12    1    1     1     1     1    1    1    1  1.16874E+15 0.00062 
   13   13    1    1     1     1     1    1    1    1  1.64029E+15 0.00060 
   14   14    1    1     1     1     1    1    1    1  2.03752E+15 0.00051 
   15   15    1    1     1     1     1    1    1    1  2.15736E+15 0.00051 
   16   16    1    1     1     1     1    1    1    1  1.91935E+15 0.00048 
   17   17    1    1     1     1     1    1    1    1  1.50234E+15 0.00061 
   18   18    1    1     1     1     1    1    1    1  1.86199E+15 0.00052 
   19   19    1    1     1     1     1    1    1    1  2.55882E+15 0.00055 
   20   20    1    1     1     1     1    1    1    1  2.56474E+15 0.00049 
   21   21    1    1     1     1     1    1    1    1  1.78527E+15 0.00053 
   22   22    1    1     1     1     1    1    1    1  3.19072E+15 0.00049 
   23   23    1    1     1     1     1    1    1    1  3.50536E+15 0.00049 
   24   24    1    1     1     1     1    1    1    1  3.27783E+15 0.00054 
   25   25    1    1     1     1     1    1    1    1  3.48316E+15 0.00055 
   26   26    1    1     1     1     1    1    1    1  3.02605E+15 0.00049 
   27   27    1    1     1     1     1    1    1    1  3.37997E+15 0.00047 
   28   28    1    1     1     1     1    1    1    1  3.74955E+15 0.00041 
   29   29    1    1     1     1     1    1    1    1  3.78560E+15 0.00047 
   30   30    1    1     1     1     1    1    1    1  3.87041E+15 0.00045 
   31   31    1    1     1     1     1    1    1    1  4.33603E+15 0.00046 
   32   32    1    1     1     1     1    1    1    1  4.21142E+15 0.00042 
   33   33    1    1     1     1     1    1    1    1  4.44751E+15 0.00042 
   34   34    1    1     1     1     1    1    1    1  4.64795E+15 0.00039 
   35   35    1    1     1     1     1    1    1    1  4.77664E+15 0.00046 
   36   36    1    1     1     1     1    1    1    1  4.98601E+15 0.00043 
   37   37    1    1     1     1     1    1    1    1  5.05279E+15 0.00041 
   38   38    1    1     1     1     1    1    1    1  5.22360E+15 0.00044 
   39   39    1    1     1     1     1    1    1    1  5.30167E+15 0.00039 
   40   40    1    1     1     1     1    1    1    1  5.39702E+15 0.00037 
   41   41    1    1     1     1     1    1    1    1  5.48613E+15 0.00042 
   42   42    1    1     1     1     1    1    1    1  5.62485E+15 0.00038 
   43   43    1    1     1     1     1    1    1    1  5.59912E+15 0.00042 
   44   44    1    1     1     1     1    1    1    1  5.71172E+15 0.00042 
   45   45    1    1     1     1     1    1    1    1  5.79351E+15 0.00039 
   46   46    1    1     1     1     1    1    1    1  5.91402E+15 0.00040 
   47   47    1    1     1     1     1    1    1    1  6.01794E+15 0.00039 
   48   48    1    1     1     1     1    1    1    1  6.15182E+15 0.00040 
   49   49    1    1     1     1     1    1    1    1  6.33249E+15 0.00044 
   50   50    1    1     1     1     1    1    1    1  6.59090E+15 0.00038 
   51   51    1    1     1     1     1    1    1    1  6.88189E+15 0.00041 
   52   52    1    1     1     1     1    1    1    1  7.34761E+15 0.00041 
   53   53    1    1     1     1     1    1    1    1  7.93716E+15 0.00038 
   54   54    1    1     1     1     1    1    1    1  8.75525E+15 0.00037 
   55   55    1    1     1     1     1    1    1    1  9.84116E+15 0.00033 
   56   56    1    1     1     1     1    1    1    1  1.13830E+16 0.00034 
   57   57    1    1     1     1     1    1    1    1  1.34628E+16 0.00033 
   58   58    1    1     1     1     1    1    1    1  1.67315E+16 0.00034 
   59   59    1    1     1     1     1    1    1    1  1.54312E+16 0.00031 
   60   60    1    1     1     1     1    1    1    1  2.23461E+16 0.00032 
   61   61    1    1     1     1     1    1    1    1  2.61373E+16 0.00031 
   62   62    1    1     1     1     1    1    1    1  2.17471E+16 0.00033 
   63   63    1    1     1     1     1    1    1    1  2.47908E+16 0.00033 
   64   64    1    1     1     1     1    1    1    1  2.55249E+16 0.00038 
   65   65    1    1     1     1     1    1    1    1  2.09057E+16 0.00043 
   66   66    1    1     1     1     1    1    1    1  1.33805E+16 0.00053 
   67   67    1    1     1     1     1    1    1    1  6.66621E+15 0.00080 
   68   68    1    1     1     1     1    1    1    1  1.74999E+15 0.00161 
   69   69    1    1     1     1     1    1    1    1  2.47306E+14 0.00444 
   70   70    1    1     1     1     1    1    1    1  1.44034E+13 0.02189 
];


