
ZAI = [
902320
902330
912330
912340
922330
922340
922350
922360
922370
922380
932370
932390
942380
942390
942400
942410
942420
952410
952430
541350
621490
551370
380900
531290
601430
601450
666
0
];

NAMES = [
'Th232           '
'Th233           '
'Pa233           '
'Pa234           '
'U233            '
'U234            '
'U235            '
'U236            '
'U237            '
'U238            '
'Np237           '
'Np239           '
'Pu238           '
'Pu239           '
'Pu240           '
'Pu241           '
'Pu242           '
'Am241           '
'Am243           '
'Xe135           '
'Sm149           '
'Cs137           '
'Sr90            '
'I129            '
'Nd143           '
'Nd145           '
'lost            '
'total           '
];

i902320 = 1; iTh232            = 1;
i902330 = 2; iTh233            = 2;
i912330 = 3; iPa233            = 3;
i912340 = 4; iPa234            = 4;
i922330 = 5; iU233             = 5;
i922340 = 6; iU234             = 6;
i922350 = 7; iU235             = 7;
i922360 = 8; iU236             = 8;
i922370 = 9; iU237             = 9;
i922380 = 10; iU238             = 10;
i932370 = 11; iNp237            = 11;
i932390 = 12; iNp239            = 12;
i942380 = 13; iPu238            = 13;
i942390 = 14; iPu239            = 14;
i942400 = 15; iPu240            = 15;
i942410 = 16; iPu241            = 16;
i942420 = 17; iPu242            = 17;
i952410 = 18; iAm241            = 18;
i952430 = 19; iAm243            = 19;
i541350 = 20; iXe135            = 20;
i621490 = 21; iSm149            = 21;
i551370 = 22; iCs137            = 22;
i380900 = 23; iSr90             = 23;
i531290 = 24; iI129             = 24;
i601430 = 25; iNd143            = 25;
i601450 = 26; iNd145            = 26;
iLOST    = 27;
iTOT     = 28;

MAT_fuel_VOLUME = [ 1.39419E+02 1.39419E+02 1.39419E+02 1.39419E+02 1.39419E+02 1.39419E+02 1.39419E+02 1.39419E+02 1.39419E+02 1.39419E+02 1.39419E+02 1.39419E+02 ];

MAT_fuel_BURNUP = [ 0.00000E+00 1.00000E-01 7.00004E-01 1.60001E+00 3.00002E+00 6.00003E+00 1.00001E+01 1.60001E+01 2.00001E+01 2.80001E+01 4.20002E+01 5.00003E+01 ];

MAT_fuel_ADENS = [
1.32920E-02 1.32896E-02 1.32749E-02 1.32532E-02 1.32209E-02 1.31569E-02 1.30789E-02 1.29708E-02 1.29023E-02 1.27708E-02 1.25513E-02 1.24298E-02 % Th232
0.00000E+00 1.99512E-08 2.00006E-08 1.96155E-08 1.87565E-08 1.73195E-08 1.57792E-08 1.45389E-08 1.38096E-08 1.32264E-08 1.25549E-08 1.21943E-08 % Th233
0.00000E+00 2.29903E-06 1.32659E-05 2.27190E-05 2.84937E-05 2.94215E-05 2.71447E-05 2.49736E-05 2.37962E-05 2.27554E-05 2.16271E-05 2.10265E-05 % Pa233
0.00000E+00 4.88565E-10 3.28964E-09 5.61151E-09 6.83025E-09 6.66257E-09 5.73269E-09 4.95123E-09 4.51772E-09 4.17502E-09 3.80349E-09 3.59330E-09 % Pa234
0.00000E+00 7.77176E-08 3.30677E-06 1.37970E-05 3.51617E-05 7.90170E-05 1.22799E-04 1.66326E-04 1.87183E-04 2.16303E-04 2.46778E-04 2.58435E-04 % U233
0.00000E+00 3.49419E-09 1.74157E-07 7.92560E-07 2.25568E-06 6.20500E-06 1.19073E-05 2.04486E-05 2.59652E-05 3.64154E-05 5.27471E-05 6.10065E-05 % U234
2.65841E-04 2.63231E-04 2.48246E-04 2.28064E-04 2.01743E-04 1.60108E-04 1.23273E-04 8.86594E-05 7.34207E-05 5.35626E-05 3.70013E-05 3.28483E-05 % U235
0.00000E+00 4.51104E-07 3.04301E-06 6.52365E-06 1.10438E-05 1.81166E-05 2.42104E-05 2.96355E-05 3.18454E-05 3.44091E-05 3.59017E-05 3.59913E-05 % U236
0.00000E+00 4.22821E-09 2.17704E-08 3.86346E-08 5.75988E-08 8.33090E-08 1.00648E-07 1.13185E-07 1.15839E-07 1.19939E-07 1.19929E-07 1.17166E-07 % U237
8.59552E-03 8.59404E-03 8.58499E-03 8.57147E-03 8.55087E-03 8.50855E-03 8.45493E-03 8.37798E-03 8.32809E-03 8.23036E-03 8.06352E-03 7.96972E-03 % U238
0.00000E+00 5.85015E-10 2.28077E-08 9.48668E-08 2.65946E-07 7.68518E-07 1.55972E-06 2.77584E-06 3.54650E-06 4.91525E-06 6.75259E-06 7.52210E-06 % Np237
0.00000E+00 9.54266E-07 1.79506E-06 1.79450E-06 1.75424E-06 1.67607E-06 1.58725E-06 1.51305E-06 1.47137E-06 1.43525E-06 1.39188E-06 1.37401E-06 % Np239
0.00000E+00 2.19496E-13 1.87531E-10 2.21911E-09 1.23016E-08 6.99540E-08 2.26938E-07 6.20443E-07 9.73439E-07 1.84481E-06 3.68696E-06 4.80971E-06 % Pu238
0.00000E+00 4.08416E-07 7.29510E-06 1.67134E-05 2.75834E-05 4.21533E-05 5.34776E-05 6.35923E-05 6.85808E-05 7.56476E-05 8.37830E-05 8.81223E-05 % Pu239
0.00000E+00 2.82537E-09 2.41168E-07 1.18139E-06 3.24072E-06 7.85259E-06 1.29527E-05 1.85901E-05 2.14043E-05 2.56873E-05 3.06087E-05 3.24739E-05 % Pu240
0.00000E+00 2.79019E-11 1.69192E-08 1.89471E-07 9.11692E-07 3.66714E-06 7.89183E-06 1.34751E-05 1.64260E-05 2.11756E-05 2.67997E-05 2.89367E-05 % Pu241
0.00000E+00 4.75236E-14 2.04129E-10 5.38764E-09 4.92876E-08 3.92054E-07 1.36625E-06 3.51764E-06 5.16409E-06 8.55392E-06 1.40877E-05 1.68436E-05 % Pu242
0.00000E+00 2.25428E-15 9.63316E-12 2.58135E-10 2.44719E-09 2.05979E-08 7.61984E-08 2.03863E-07 3.04273E-07 5.05856E-07 8.21161E-07 9.78428E-07 % Am241
0.00000E+00 2.44198E-17 1.14318E-12 7.60689E-11 1.39774E-09 2.35373E-08 1.41741E-07 5.80868E-07 1.04718E-06 2.29625E-06 5.02758E-06 6.66203E-06 % Am243
0.00000E+00 3.25419E-09 3.36497E-09 3.58859E-09 3.95571E-09 4.65140E-09 5.37661E-09 6.15406E-09 6.59253E-09 7.22526E-09 8.03002E-09 8.46578E-09 % Xe135
0.00000E+00 5.13334E-09 2.07093E-08 2.30931E-08 2.72086E-08 3.53092E-08 4.45876E-08 5.53230E-08 6.19571E-08 7.12999E-08 8.42064E-08 9.20106E-08 % Sm149
0.00000E+00 1.41371E-07 9.88455E-07 2.27014E-06 4.28160E-06 8.66034E-06 1.45404E-05 2.33709E-05 2.92091E-05 4.08397E-05 6.09216E-05 7.21494E-05 % Cs137
0.00000E+00 1.30614E-07 8.96543E-07 2.00196E-06 3.65291E-06 7.07224E-06 1.15001E-05 1.79895E-05 2.22235E-05 3.05717E-05 4.48262E-05 5.27464E-05 % Sr90
0.00000E+00 1.15729E-08 9.48001E-08 2.36676E-07 4.94438E-07 1.15792E-06 2.16925E-06 3.80899E-06 4.93414E-06 7.22588E-06 1.12538E-05 1.35202E-05 % I129
0.00000E+00 2.82952E-09 2.68859E-07 1.12710E-06 2.71360E-06 5.98937E-06 9.97027E-06 1.53129E-05 1.85754E-05 2.44705E-05 3.33927E-05 3.78492E-05 % Nd143
0.00000E+00 7.78143E-08 6.09835E-07 1.38592E-06 2.54513E-06 4.89816E-06 7.83477E-06 1.19533E-05 1.45392E-05 1.94449E-05 2.73149E-05 3.14335E-05 % Nd145
0.00000E+00 2.51082E-13 1.78612E-12 4.09254E-12 7.63550E-12 1.50049E-11 2.44870E-11 3.83117E-11 4.73930E-11 6.53888E-11 9.66481E-11 1.14481E-10 % lost data
6.64602E-02 6.64625E-02 6.64763E-02 6.64971E-02 6.65294E-02 6.65989E-02 6.66916E-02 6.68305E-02 6.69227E-02 6.71076E-02 6.74318E-02 6.76164E-02 % total
];

