
DET1 = [
    1    1    1    1     1     1     1    1    1    1  5.97794E+12 0.00623 
    2    2    1    1     1     1     1    1    1    1  9.45448E+12 0.00550 
    3    3    1    1     1     1     1    1    1    1  1.63457E+13 0.00420 
    4    4    1    1     1     1     1    1    1    1  5.17493E+13 0.00241 
    5    5    1    1     1     1     1    1    1    1  7.33225E+13 0.00191 
    6    6    1    1     1     1     1    1    1    1  1.68327E+14 0.00125 
    7    7    1    1     1     1     1    1    1    1  2.87945E+14 0.00129 
    8    8    1    1     1     1     1    1    1    1  5.65966E+14 0.00089 
    9    9    1    1     1     1     1    1    1    1  1.01025E+15 0.00071 
   10   10    1    1     1     1     1    1    1    1  1.76154E+15 0.00063 
   11   11    1    1     1     1     1    1    1    1  2.88162E+15 0.00047 
   12   12    1    1     1     1     1    1    1    1  4.38995E+15 0.00050 
   13   13    1    1     1     1     1    1    1    1  6.01447E+15 0.00036 
   14   14    1    1     1     1     1    1    1    1  7.20401E+15 0.00038 
   15   15    1    1     1     1     1    1    1    1  7.20647E+15 0.00039 
   16   16    1    1     1     1     1    1    1    1  5.90941E+15 0.00037 
   17   17    1    1     1     1     1    1    1    1  3.97378E+15 0.00041 
   18   18    1    1     1     1     1    1    1    1  4.14198E+15 0.00040 
   19   19    1    1     1     1     1    1    1    1  4.50924E+15 0.00048 
   20   20    1    1     1     1     1    1    1    1  4.26653E+15 0.00044 
   21   21    1    1     1     1     1    1    1    1  2.95680E+15 0.00048 
   22   22    1    1     1     1     1    1    1    1  4.58918E+15 0.00049 
   23   23    1    1     1     1     1    1    1    1  5.04338E+15 0.00050 
   24   24    1    1     1     1     1    1    1    1  4.69936E+15 0.00049 
   25   25    1    1     1     1     1    1    1    1  4.99008E+15 0.00047 
   26   26    1    1     1     1     1    1    1    1  4.10605E+15 0.00047 
   27   27    1    1     1     1     1    1    1    1  4.90928E+15 0.00044 
   28   28    1    1     1     1     1    1    1    1  5.66717E+15 0.00047 
   29   29    1    1     1     1     1    1    1    1  5.53130E+15 0.00045 
   30   30    1    1     1     1     1    1    1    1  5.45784E+15 0.00046 
   31   31    1    1     1     1     1    1    1    1  6.01674E+15 0.00049 
   32   32    1    1     1     1     1    1    1    1  5.92841E+15 0.00049 
   33   33    1    1     1     1     1    1    1    1  6.28053E+15 0.00046 
   34   34    1    1     1     1     1    1    1    1  6.50625E+15 0.00046 
   35   35    1    1     1     1     1    1    1    1  6.54230E+15 0.00042 
   36   36    1    1     1     1     1    1    1    1  6.76603E+15 0.00040 
   37   37    1    1     1     1     1    1    1    1  6.87521E+15 0.00042 
   38   38    1    1     1     1     1    1    1    1  7.02128E+15 0.00043 
   39   39    1    1     1     1     1    1    1    1  7.11277E+15 0.00041 
   40   40    1    1     1     1     1    1    1    1  7.20460E+15 0.00046 
   41   41    1    1     1     1     1    1    1    1  7.30825E+15 0.00043 
   42   42    1    1     1     1     1    1    1    1  7.46902E+15 0.00044 
   43   43    1    1     1     1     1    1    1    1  7.42825E+15 0.00042 
   44   44    1    1     1     1     1    1    1    1  7.56716E+15 0.00043 
   45   45    1    1     1     1     1    1    1    1  7.67192E+15 0.00044 
   46   46    1    1     1     1     1    1    1    1  7.81240E+15 0.00040 
   47   47    1    1     1     1     1    1    1    1  7.95079E+15 0.00040 
   48   48    1    1     1     1     1    1    1    1  8.12740E+15 0.00043 
   49   49    1    1     1     1     1    1    1    1  8.36029E+15 0.00043 
   50   50    1    1     1     1     1    1    1    1  8.69730E+15 0.00037 
   51   51    1    1     1     1     1    1    1    1  9.08397E+15 0.00041 
   52   52    1    1     1     1     1    1    1    1  9.67972E+15 0.00041 
   53   53    1    1     1     1     1    1    1    1  1.04595E+16 0.00039 
   54   54    1    1     1     1     1    1    1    1  1.15353E+16 0.00036 
   55   55    1    1     1     1     1    1    1    1  1.29679E+16 0.00039 
   56   56    1    1     1     1     1    1    1    1  1.49900E+16 0.00036 
   57   57    1    1     1     1     1    1    1    1  1.77269E+16 0.00031 
   58   58    1    1     1     1     1    1    1    1  2.20290E+16 0.00029 
   59   59    1    1     1     1     1    1    1    1  2.02800E+16 0.00031 
   60   60    1    1     1     1     1    1    1    1  2.93435E+16 0.00032 
   61   61    1    1     1     1     1    1    1    1  3.42333E+16 0.00031 
   62   62    1    1     1     1     1    1    1    1  2.83758E+16 0.00035 
   63   63    1    1     1     1     1    1    1    1  3.21880E+16 0.00035 
   64   64    1    1     1     1     1    1    1    1  3.29223E+16 0.00038 
   65   65    1    1     1     1     1    1    1    1  2.68853E+16 0.00043 
   66   66    1    1     1     1     1    1    1    1  1.71690E+16 0.00059 
   67   67    1    1     1     1     1    1    1    1  8.54748E+15 0.00088 
   68   68    1    1     1     1     1    1    1    1  2.25719E+15 0.00162 
   69   69    1    1     1     1     1    1    1    1  3.20249E+14 0.00456 
   70   70    1    1     1     1     1    1    1    1  1.92270E+13 0.02060 
];


