
DET1 = [
    1    1    1    1     1     1     1    1    1    1  3.17885E+12 0.00741 
    2    2    1    1     1     1     1    1    1    1  5.02199E+12 0.00555 
    3    3    1    1     1     1     1    1    1    1  8.70898E+12 0.00499 
    4    4    1    1     1     1     1    1    1    1  2.75826E+13 0.00256 
    5    5    1    1     1     1     1    1    1    1  3.93066E+13 0.00260 
    6    6    1    1     1     1     1    1    1    1  8.94390E+13 0.00175 
    7    7    1    1     1     1     1    1    1    1  1.53408E+14 0.00122 
    8    8    1    1     1     1     1    1    1    1  3.00700E+14 0.00106 
    9    9    1    1     1     1     1    1    1    1  5.34193E+14 0.00078 
   10   10    1    1     1     1     1    1    1    1  9.37366E+14 0.00067 
   11   11    1    1     1     1     1    1    1    1  1.53806E+15 0.00059 
   12   12    1    1     1     1     1    1    1    1  2.35479E+15 0.00050 
   13   13    1    1     1     1     1    1    1    1  3.25499E+15 0.00043 
   14   14    1    1     1     1     1    1    1    1  3.95614E+15 0.00040 
   15   15    1    1     1     1     1    1    1    1  4.04541E+15 0.00042 
   16   16    1    1     1     1     1    1    1    1  3.39913E+15 0.00044 
   17   17    1    1     1     1     1    1    1    1  2.37055E+15 0.00049 
   18   18    1    1     1     1     1    1    1    1  2.78799E+15 0.00046 
   19   19    1    1     1     1     1    1    1    1  3.51863E+15 0.00046 
   20   20    1    1     1     1     1    1    1    1  3.42712E+15 0.00047 
   21   21    1    1     1     1     1    1    1    1  2.39144E+15 0.00044 
   22   22    1    1     1     1     1    1    1    1  3.97566E+15 0.00047 
   23   23    1    1     1     1     1    1    1    1  4.12191E+15 0.00046 
   24   24    1    1     1     1     1    1    1    1  3.91056E+15 0.00047 
   25   25    1    1     1     1     1    1    1    1  4.06662E+15 0.00044 
   26   26    1    1     1     1     1    1    1    1  3.52901E+15 0.00045 
   27   27    1    1     1     1     1    1    1    1  3.90984E+15 0.00044 
   28   28    1    1     1     1     1    1    1    1  4.32956E+15 0.00047 
   29   29    1    1     1     1     1    1    1    1  4.35156E+15 0.00038 
   30   30    1    1     1     1     1    1    1    1  4.24982E+15 0.00044 
   31   31    1    1     1     1     1    1    1    1  4.73171E+15 0.00047 
   32   32    1    1     1     1     1    1    1    1  4.65426E+15 0.00042 
   33   33    1    1     1     1     1    1    1    1  4.84883E+15 0.00040 
   34   34    1    1     1     1     1    1    1    1  5.04417E+15 0.00039 
   35   35    1    1     1     1     1    1    1    1  5.10080E+15 0.00045 
   36   36    1    1     1     1     1    1    1    1  5.28625E+15 0.00040 
   37   37    1    1     1     1     1    1    1    1  5.33838E+15 0.00048 
   38   38    1    1     1     1     1    1    1    1  5.49039E+15 0.00039 
   39   39    1    1     1     1     1    1    1    1  5.54542E+15 0.00041 
   40   40    1    1     1     1     1    1    1    1  5.61897E+15 0.00041 
   41   41    1    1     1     1     1    1    1    1  5.69749E+15 0.00040 
   42   42    1    1     1     1     1    1    1    1  5.83419E+15 0.00038 
   43   43    1    1     1     1     1    1    1    1  5.79659E+15 0.00043 
   44   44    1    1     1     1     1    1    1    1  5.90202E+15 0.00041 
   45   45    1    1     1     1     1    1    1    1  5.97889E+15 0.00042 
   46   46    1    1     1     1     1    1    1    1  6.09753E+15 0.00037 
   47   47    1    1     1     1     1    1    1    1  6.20280E+15 0.00037 
   48   48    1    1     1     1     1    1    1    1  6.33968E+15 0.00039 
   49   49    1    1     1     1     1    1    1    1  6.52169E+15 0.00041 
   50   50    1    1     1     1     1    1    1    1  6.78236E+15 0.00040 
   51   51    1    1     1     1     1    1    1    1  7.08374E+15 0.00041 
   52   52    1    1     1     1     1    1    1    1  7.55590E+15 0.00037 
   53   53    1    1     1     1     1    1    1    1  8.16364E+15 0.00037 
   54   54    1    1     1     1     1    1    1    1  9.00250E+15 0.00036 
   55   55    1    1     1     1     1    1    1    1  1.01152E+16 0.00034 
   56   56    1    1     1     1     1    1    1    1  1.16928E+16 0.00036 
   57   57    1    1     1     1     1    1    1    1  1.38377E+16 0.00034 
   58   58    1    1     1     1     1    1    1    1  1.71834E+16 0.00032 
   59   59    1    1     1     1     1    1    1    1  1.58330E+16 0.00033 
   60   60    1    1     1     1     1    1    1    1  2.29431E+16 0.00033 
   61   61    1    1     1     1     1    1    1    1  2.68002E+16 0.00030 
   62   62    1    1     1     1     1    1    1    1  2.22446E+16 0.00031 
   63   63    1    1     1     1     1    1    1    1  2.52957E+16 0.00034 
   64   64    1    1     1     1     1    1    1    1  2.60577E+16 0.00035 
   65   65    1    1     1     1     1    1    1    1  2.13773E+16 0.00044 
   66   66    1    1     1     1     1    1    1    1  1.36541E+16 0.00058 
   67   67    1    1     1     1     1    1    1    1  6.79133E+15 0.00090 
   68   68    1    1     1     1     1    1    1    1  1.77527E+15 0.00178 
   69   69    1    1     1     1     1    1    1    1  2.46871E+14 0.00485 
   70   70    1    1     1     1     1    1    1    1  1.38368E+13 0.02151 
];


