
DET1 = [
    1    1    1    1     1     1     1    1    1    1  3.26263E+12 0.00661 
    2    2    1    1     1     1     1    1    1    1  5.16696E+12 0.00522 
    3    3    1    1     1     1     1    1    1    1  8.86822E+12 0.00476 
    4    4    1    1     1     1     1    1    1    1  2.82625E+13 0.00267 
    5    5    1    1     1     1     1    1    1    1  4.00080E+13 0.00241 
    6    6    1    1     1     1     1    1    1    1  9.12899E+13 0.00168 
    7    7    1    1     1     1     1    1    1    1  1.55828E+14 0.00120 
    8    8    1    1     1     1     1    1    1    1  3.06899E+14 0.00101 
    9    9    1    1     1     1     1    1    1    1  5.45249E+14 0.00082 
   10   10    1    1     1     1     1    1    1    1  9.56941E+14 0.00067 
   11   11    1    1     1     1     1    1    1    1  1.56962E+15 0.00061 
   12   12    1    1     1     1     1    1    1    1  2.40082E+15 0.00051 
   13   13    1    1     1     1     1    1    1    1  3.32312E+15 0.00047 
   14   14    1    1     1     1     1    1    1    1  4.03444E+15 0.00040 
   15   15    1    1     1     1     1    1    1    1  4.12476E+15 0.00042 
   16   16    1    1     1     1     1    1    1    1  3.46258E+15 0.00040 
   17   17    1    1     1     1     1    1    1    1  2.40918E+15 0.00046 
   18   18    1    1     1     1     1    1    1    1  2.82684E+15 0.00045 
   19   19    1    1     1     1     1    1    1    1  3.54985E+15 0.00044 
   20   20    1    1     1     1     1    1    1    1  3.44927E+15 0.00051 
   21   21    1    1     1     1     1    1    1    1  2.40400E+15 0.00045 
   22   22    1    1     1     1     1    1    1    1  3.99054E+15 0.00045 
   23   23    1    1     1     1     1    1    1    1  4.15472E+15 0.00048 
   24   24    1    1     1     1     1    1    1    1  3.93895E+15 0.00046 
   25   25    1    1     1     1     1    1    1    1  4.09095E+15 0.00044 
   26   26    1    1     1     1     1    1    1    1  3.53940E+15 0.00049 
   27   27    1    1     1     1     1    1    1    1  3.95191E+15 0.00046 
   28   28    1    1     1     1     1    1    1    1  4.37951E+15 0.00047 
   29   29    1    1     1     1     1    1    1    1  4.39195E+15 0.00046 
   30   30    1    1     1     1     1    1    1    1  4.29376E+15 0.00046 
   31   31    1    1     1     1     1    1    1    1  4.77825E+15 0.00044 
   32   32    1    1     1     1     1    1    1    1  4.69594E+15 0.00043 
   33   33    1    1     1     1     1    1    1    1  4.90190E+15 0.00042 
   34   34    1    1     1     1     1    1    1    1  5.10214E+15 0.00043 
   35   35    1    1     1     1     1    1    1    1  5.15311E+15 0.00040 
   36   36    1    1     1     1     1    1    1    1  5.34216E+15 0.00044 
   37   37    1    1     1     1     1    1    1    1  5.39757E+15 0.00038 
   38   38    1    1     1     1     1    1    1    1  5.54596E+15 0.00044 
   39   39    1    1     1     1     1    1    1    1  5.60030E+15 0.00042 
   40   40    1    1     1     1     1    1    1    1  5.67559E+15 0.00042 
   41   41    1    1     1     1     1    1    1    1  5.75831E+15 0.00045 
   42   42    1    1     1     1     1    1    1    1  5.89269E+15 0.00043 
   43   43    1    1     1     1     1    1    1    1  5.85554E+15 0.00048 
   44   44    1    1     1     1     1    1    1    1  5.96454E+15 0.00043 
   45   45    1    1     1     1     1    1    1    1  6.04925E+15 0.00042 
   46   46    1    1     1     1     1    1    1    1  6.15631E+15 0.00045 
   47   47    1    1     1     1     1    1    1    1  6.26233E+15 0.00044 
   48   48    1    1     1     1     1    1    1    1  6.40425E+15 0.00041 
   49   49    1    1     1     1     1    1    1    1  6.58783E+15 0.00041 
   50   50    1    1     1     1     1    1    1    1  6.85203E+15 0.00042 
   51   51    1    1     1     1     1    1    1    1  7.15980E+15 0.00040 
   52   52    1    1     1     1     1    1    1    1  7.63074E+15 0.00041 
   53   53    1    1     1     1     1    1    1    1  8.24726E+15 0.00037 
   54   54    1    1     1     1     1    1    1    1  9.09097E+15 0.00040 
   55   55    1    1     1     1     1    1    1    1  1.02124E+16 0.00035 
   56   56    1    1     1     1     1    1    1    1  1.18165E+16 0.00036 
   57   57    1    1     1     1     1    1    1    1  1.39816E+16 0.00034 
   58   58    1    1     1     1     1    1    1    1  1.73630E+16 0.00028 
   59   59    1    1     1     1     1    1    1    1  1.60009E+16 0.00034 
   60   60    1    1     1     1     1    1    1    1  2.31655E+16 0.00034 
   61   61    1    1     1     1     1    1    1    1  2.70740E+16 0.00032 
   62   62    1    1     1     1     1    1    1    1  2.24726E+16 0.00033 
   63   63    1    1     1     1     1    1    1    1  2.55581E+16 0.00033 
   64   64    1    1     1     1     1    1    1    1  2.63128E+16 0.00040 
   65   65    1    1     1     1     1    1    1    1  2.15527E+16 0.00041 
   66   66    1    1     1     1     1    1    1    1  1.37793E+16 0.00057 
   67   67    1    1     1     1     1    1    1    1  6.85667E+15 0.00090 
   68   68    1    1     1     1     1    1    1    1  1.78801E+15 0.00153 
   69   69    1    1     1     1     1    1    1    1  2.51049E+14 0.00485 
   70   70    1    1     1     1     1    1    1    1  1.36909E+13 0.02013 
];


