
DET1 = [
    1    1    1    1     1     1     1    1    1    1  3.71218E+12 0.00596 
    2    2    1    1     1     1     1    1    1    1  5.89758E+12 0.00513 
    3    3    1    1     1     1     1    1    1    1  1.02065E+13 0.00422 
    4    4    1    1     1     1     1    1    1    1  3.22189E+13 0.00248 
    5    5    1    1     1     1     1    1    1    1  4.59499E+13 0.00246 
    6    6    1    1     1     1     1    1    1    1  1.05469E+14 0.00167 
    7    7    1    1     1     1     1    1    1    1  1.79557E+14 0.00134 
    8    8    1    1     1     1     1    1    1    1  3.54548E+14 0.00101 
    9    9    1    1     1     1     1    1    1    1  6.29285E+14 0.00081 
   10   10    1    1     1     1     1    1    1    1  1.10323E+15 0.00062 
   11   11    1    1     1     1     1    1    1    1  1.80934E+15 0.00052 
   12   12    1    1     1     1     1    1    1    1  2.76625E+15 0.00043 
   13   13    1    1     1     1     1    1    1    1  3.82007E+15 0.00046 
   14   14    1    1     1     1     1    1    1    1  4.62135E+15 0.00043 
   15   15    1    1     1     1     1    1    1    1  4.70529E+15 0.00042 
   16   16    1    1     1     1     1    1    1    1  3.93140E+15 0.00044 
   17   17    1    1     1     1     1    1    1    1  2.71269E+15 0.00043 
   18   18    1    1     1     1     1    1    1    1  3.10940E+15 0.00044 
   19   19    1    1     1     1     1    1    1    1  3.75827E+15 0.00045 
   20   20    1    1     1     1     1    1    1    1  3.60700E+15 0.00046 
   21   21    1    1     1     1     1    1    1    1  2.49020E+15 0.00049 
   22   22    1    1     1     1     1    1    1    1  4.10425E+15 0.00050 
   23   23    1    1     1     1     1    1    1    1  4.35930E+15 0.00044 
   24   24    1    1     1     1     1    1    1    1  4.11816E+15 0.00052 
   25   25    1    1     1     1     1    1    1    1  4.28179E+15 0.00044 
   26   26    1    1     1     1     1    1    1    1  3.64298E+15 0.00050 
   27   27    1    1     1     1     1    1    1    1  4.16974E+15 0.00045 
   28   28    1    1     1     1     1    1    1    1  4.68778E+15 0.00046 
   29   29    1    1     1     1     1    1    1    1  4.65132E+15 0.00045 
   30   30    1    1     1     1     1    1    1    1  4.57339E+15 0.00043 
   31   31    1    1     1     1     1    1    1    1  5.06652E+15 0.00046 
   32   32    1    1     1     1     1    1    1    1  4.99036E+15 0.00044 
   33   33    1    1     1     1     1    1    1    1  5.23076E+15 0.00042 
   34   34    1    1     1     1     1    1    1    1  5.43427E+15 0.00041 
   35   35    1    1     1     1     1    1    1    1  5.47961E+15 0.00042 
   36   36    1    1     1     1     1    1    1    1  5.67786E+15 0.00043 
   37   37    1    1     1     1     1    1    1    1  5.74234E+15 0.00042 
   38   38    1    1     1     1     1    1    1    1  5.89195E+15 0.00044 
   39   39    1    1     1     1     1    1    1    1  5.95172E+15 0.00044 
   40   40    1    1     1     1     1    1    1    1  6.03728E+15 0.00046 
   41   41    1    1     1     1     1    1    1    1  6.11991E+15 0.00039 
   42   42    1    1     1     1     1    1    1    1  6.25692E+15 0.00044 
   43   43    1    1     1     1     1    1    1    1  6.21923E+15 0.00044 
   44   44    1    1     1     1     1    1    1    1  6.33378E+15 0.00042 
   45   45    1    1     1     1     1    1    1    1  6.42366E+15 0.00043 
   46   46    1    1     1     1     1    1    1    1  6.54189E+15 0.00042 
   47   47    1    1     1     1     1    1    1    1  6.65640E+15 0.00040 
   48   48    1    1     1     1     1    1    1    1  6.80183E+15 0.00038 
   49   49    1    1     1     1     1    1    1    1  7.00104E+15 0.00040 
   50   50    1    1     1     1     1    1    1    1  7.28168E+15 0.00041 
   51   51    1    1     1     1     1    1    1    1  7.60447E+15 0.00036 
   52   52    1    1     1     1     1    1    1    1  8.10123E+15 0.00037 
   53   53    1    1     1     1     1    1    1    1  8.75891E+15 0.00037 
   54   54    1    1     1     1     1    1    1    1  9.66756E+15 0.00038 
   55   55    1    1     1     1     1    1    1    1  1.08500E+16 0.00036 
   56   56    1    1     1     1     1    1    1    1  1.25469E+16 0.00033 
   57   57    1    1     1     1     1    1    1    1  1.48378E+16 0.00033 
   58   58    1    1     1     1     1    1    1    1  1.84483E+16 0.00029 
   59   59    1    1     1     1     1    1    1    1  1.69994E+16 0.00033 
   60   60    1    1     1     1     1    1    1    1  2.45859E+16 0.00033 
   61   61    1    1     1     1     1    1    1    1  2.87338E+16 0.00030 
   62   62    1    1     1     1     1    1    1    1  2.38260E+16 0.00035 
   63   63    1    1     1     1     1    1    1    1  2.70835E+16 0.00036 
   64   64    1    1     1     1     1    1    1    1  2.78288E+16 0.00039 
   65   65    1    1     1     1     1    1    1    1  2.27912E+16 0.00040 
   66   66    1    1     1     1     1    1    1    1  1.45393E+16 0.00058 
   67   67    1    1     1     1     1    1    1    1  7.23611E+15 0.00091 
   68   68    1    1     1     1     1    1    1    1  1.89892E+15 0.00182 
   69   69    1    1     1     1     1    1    1    1  2.67219E+14 0.00487 
   70   70    1    1     1     1     1    1    1    1  1.52801E+13 0.02080 
];


