
DET1 = [
    1    1    1    1     1     1     1    1    1    1  3.47362E+12 0.00578 
    2    2    1    1     1     1     1    1    1    1  5.60272E+12 0.00588 
    3    3    1    1     1     1     1    1    1    1  9.61600E+12 0.00433 
    4    4    1    1     1     1     1    1    1    1  3.07118E+13 0.00264 
    5    5    1    1     1     1     1    1    1    1  4.34786E+13 0.00260 
    6    6    1    1     1     1     1    1    1    1  9.92089E+13 0.00176 
    7    7    1    1     1     1     1    1    1    1  1.69650E+14 0.00117 
    8    8    1    1     1     1     1    1    1    1  3.34604E+14 0.00102 
    9    9    1    1     1     1     1    1    1    1  5.94192E+14 0.00083 
   10   10    1    1     1     1     1    1    1    1  1.04393E+15 0.00070 
   11   11    1    1     1     1     1    1    1    1  1.71009E+15 0.00056 
   12   12    1    1     1     1     1    1    1    1  2.61388E+15 0.00050 
   13   13    1    1     1     1     1    1    1    1  3.60982E+15 0.00047 
   14   14    1    1     1     1     1    1    1    1  4.37975E+15 0.00040 
   15   15    1    1     1     1     1    1    1    1  4.46614E+15 0.00040 
   16   16    1    1     1     1     1    1    1    1  3.73683E+15 0.00040 
   17   17    1    1     1     1     1    1    1    1  2.58507E+15 0.00043 
   18   18    1    1     1     1     1    1    1    1  2.99242E+15 0.00046 
   19   19    1    1     1     1     1    1    1    1  3.67296E+15 0.00046 
   20   20    1    1     1     1     1    1    1    1  3.53901E+15 0.00044 
   21   21    1    1     1     1     1    1    1    1  2.45259E+15 0.00047 
   22   22    1    1     1     1     1    1    1    1  4.05654E+15 0.00048 
   23   23    1    1     1     1     1    1    1    1  4.27618E+15 0.00046 
   24   24    1    1     1     1     1    1    1    1  4.04873E+15 0.00049 
   25   25    1    1     1     1     1    1    1    1  4.20873E+15 0.00047 
   26   26    1    1     1     1     1    1    1    1  3.60257E+15 0.00049 
   27   27    1    1     1     1     1    1    1    1  4.08691E+15 0.00048 
   28   28    1    1     1     1     1    1    1    1  4.56686E+15 0.00046 
   29   29    1    1     1     1     1    1    1    1  4.55116E+15 0.00044 
   30   30    1    1     1     1     1    1    1    1  4.46021E+15 0.00045 
   31   31    1    1     1     1     1    1    1    1  4.95412E+15 0.00048 
   32   32    1    1     1     1     1    1    1    1  4.87972E+15 0.00046 
   33   33    1    1     1     1     1    1    1    1  5.10069E+15 0.00043 
   34   34    1    1     1     1     1    1    1    1  5.30418E+15 0.00046 
   35   35    1    1     1     1     1    1    1    1  5.35053E+15 0.00039 
   36   36    1    1     1     1     1    1    1    1  5.54525E+15 0.00042 
   37   37    1    1     1     1     1    1    1    1  5.60735E+15 0.00039 
   38   38    1    1     1     1     1    1    1    1  5.75305E+15 0.00040 
   39   39    1    1     1     1     1    1    1    1  5.81752E+15 0.00043 
   40   40    1    1     1     1     1    1    1    1  5.89512E+15 0.00044 
   41   41    1    1     1     1     1    1    1    1  5.97590E+15 0.00042 
   42   42    1    1     1     1     1    1    1    1  6.11297E+15 0.00039 
   43   43    1    1     1     1     1    1    1    1  6.07044E+15 0.00040 
   44   44    1    1     1     1     1    1    1    1  6.18597E+15 0.00041 
   45   45    1    1     1     1     1    1    1    1  6.28029E+15 0.00043 
   46   46    1    1     1     1     1    1    1    1  6.39213E+15 0.00044 
   47   47    1    1     1     1     1    1    1    1  6.50474E+15 0.00042 
   48   48    1    1     1     1     1    1    1    1  6.64822E+15 0.00039 
   49   49    1    1     1     1     1    1    1    1  6.84105E+15 0.00039 
   50   50    1    1     1     1     1    1    1    1  7.11594E+15 0.00040 
   51   51    1    1     1     1     1    1    1    1  7.43052E+15 0.00038 
   52   52    1    1     1     1     1    1    1    1  7.92119E+15 0.00036 
   53   53    1    1     1     1     1    1    1    1  8.55522E+15 0.00037 
   54   54    1    1     1     1     1    1    1    1  9.44772E+15 0.00036 
   55   55    1    1     1     1     1    1    1    1  1.06009E+16 0.00035 
   56   56    1    1     1     1     1    1    1    1  1.22621E+16 0.00034 
   57   57    1    1     1     1     1    1    1    1  1.45058E+16 0.00035 
   58   58    1    1     1     1     1    1    1    1  1.80141E+16 0.00032 
   59   59    1    1     1     1     1    1    1    1  1.66025E+16 0.00032 
   60   60    1    1     1     1     1    1    1    1  2.40327E+16 0.00033 
   61   61    1    1     1     1     1    1    1    1  2.80613E+16 0.00032 
   62   62    1    1     1     1     1    1    1    1  2.32855E+16 0.00032 
   63   63    1    1     1     1     1    1    1    1  2.64798E+16 0.00037 
   64   64    1    1     1     1     1    1    1    1  2.72305E+16 0.00038 
   65   65    1    1     1     1     1    1    1    1  2.23099E+16 0.00044 
   66   66    1    1     1     1     1    1    1    1  1.42626E+16 0.00054 
   67   67    1    1     1     1     1    1    1    1  7.09609E+15 0.00093 
   68   68    1    1     1     1     1    1    1    1  1.86073E+15 0.00164 
   69   69    1    1     1     1     1    1    1    1  2.58860E+14 0.00470 
   70   70    1    1     1     1     1    1    1    1  1.49526E+13 0.02115 
];


