
DET1 = [
    1    1    1    1     1     1     1    1    1    1  4.06037E+12 0.00688 
    2    2    1    1     1     1     1    1    1    1  6.46267E+12 0.00569 
    3    3    1    1     1     1     1    1    1    1  1.10541E+13 0.00406 
    4    4    1    1     1     1     1    1    1    1  3.53984E+13 0.00261 
    5    5    1    1     1     1     1    1    1    1  5.00541E+13 0.00254 
    6    6    1    1     1     1     1    1    1    1  1.14799E+14 0.00162 
    7    7    1    1     1     1     1    1    1    1  1.95853E+14 0.00120 
    8    8    1    1     1     1     1    1    1    1  3.86175E+14 0.00099 
    9    9    1    1     1     1     1    1    1    1  6.86429E+14 0.00078 
   10   10    1    1     1     1     1    1    1    1  1.20366E+15 0.00067 
   11   11    1    1     1     1     1    1    1    1  1.97320E+15 0.00054 
   12   12    1    1     1     1     1    1    1    1  3.01288E+15 0.00044 
   13   13    1    1     1     1     1    1    1    1  4.15389E+15 0.00043 
   14   14    1    1     1     1     1    1    1    1  5.02383E+15 0.00042 
   15   15    1    1     1     1     1    1    1    1  5.09618E+15 0.00039 
   16   16    1    1     1     1     1    1    1    1  4.24063E+15 0.00035 
   17   17    1    1     1     1     1    1    1    1  2.91046E+15 0.00041 
   18   18    1    1     1     1     1    1    1    1  3.28564E+15 0.00040 
   19   19    1    1     1     1     1    1    1    1  3.88447E+15 0.00050 
   20   20    1    1     1     1     1    1    1    1  3.70406E+15 0.00049 
   21   21    1    1     1     1     1    1    1    1  2.55219E+15 0.00049 
   22   22    1    1     1     1     1    1    1    1  4.17625E+15 0.00048 
   23   23    1    1     1     1     1    1    1    1  4.47415E+15 0.00049 
   24   24    1    1     1     1     1    1    1    1  4.22071E+15 0.00048 
   25   25    1    1     1     1     1    1    1    1  4.40106E+15 0.00046 
   26   26    1    1     1     1     1    1    1    1  3.71920E+15 0.00044 
   27   27    1    1     1     1     1    1    1    1  4.30125E+15 0.00047 
   28   28    1    1     1     1     1    1    1    1  4.85722E+15 0.00046 
   29   29    1    1     1     1     1    1    1    1  4.80455E+15 0.00043 
   30   30    1    1     1     1     1    1    1    1  4.72448E+15 0.00045 
   31   31    1    1     1     1     1    1    1    1  5.23870E+15 0.00044 
   32   32    1    1     1     1     1    1    1    1  5.15637E+15 0.00045 
   33   33    1    1     1     1     1    1    1    1  5.41256E+15 0.00045 
   34   34    1    1     1     1     1    1    1    1  5.62717E+15 0.00045 
   35   35    1    1     1     1     1    1    1    1  5.66515E+15 0.00040 
   36   36    1    1     1     1     1    1    1    1  5.87109E+15 0.00041 
   37   37    1    1     1     1     1    1    1    1  5.94152E+15 0.00042 
   38   38    1    1     1     1     1    1    1    1  6.09382E+15 0.00041 
   39   39    1    1     1     1     1    1    1    1  6.15811E+15 0.00046 
   40   40    1    1     1     1     1    1    1    1  6.24450E+15 0.00049 
   41   41    1    1     1     1     1    1    1    1  6.32333E+15 0.00043 
   42   42    1    1     1     1     1    1    1    1  6.46956E+15 0.00043 
   43   43    1    1     1     1     1    1    1    1  6.43363E+15 0.00042 
   44   44    1    1     1     1     1    1    1    1  6.55198E+15 0.00039 
   45   45    1    1     1     1     1    1    1    1  6.64450E+15 0.00038 
   46   46    1    1     1     1     1    1    1    1  6.76593E+15 0.00045 
   47   47    1    1     1     1     1    1    1    1  6.87468E+15 0.00036 
   48   48    1    1     1     1     1    1    1    1  7.03722E+15 0.00043 
   49   49    1    1     1     1     1    1    1    1  7.23984E+15 0.00041 
   50   50    1    1     1     1     1    1    1    1  7.53172E+15 0.00041 
   51   51    1    1     1     1     1    1    1    1  7.86662E+15 0.00041 
   52   52    1    1     1     1     1    1    1    1  8.38795E+15 0.00042 
   53   53    1    1     1     1     1    1    1    1  9.06171E+15 0.00039 
   54   54    1    1     1     1     1    1    1    1  9.99654E+15 0.00035 
   55   55    1    1     1     1     1    1    1    1  1.12181E+16 0.00037 
   56   56    1    1     1     1     1    1    1    1  1.29729E+16 0.00032 
   57   57    1    1     1     1     1    1    1    1  1.53492E+16 0.00035 
   58   58    1    1     1     1     1    1    1    1  1.90676E+16 0.00034 
   59   59    1    1     1     1     1    1    1    1  1.75729E+16 0.00031 
   60   60    1    1     1     1     1    1    1    1  2.54178E+16 0.00034 
   61   61    1    1     1     1     1    1    1    1  2.96989E+16 0.00032 
   62   62    1    1     1     1     1    1    1    1  2.46170E+16 0.00033 
   63   63    1    1     1     1     1    1    1    1  2.79615E+16 0.00037 
   64   64    1    1     1     1     1    1    1    1  2.87091E+16 0.00035 
   65   65    1    1     1     1     1    1    1    1  2.34857E+16 0.00048 
   66   66    1    1     1     1     1    1    1    1  1.49976E+16 0.00056 
   67   67    1    1     1     1     1    1    1    1  7.46476E+15 0.00083 
   68   68    1    1     1     1     1    1    1    1  1.95302E+15 0.00167 
   69   69    1    1     1     1     1    1    1    1  2.76835E+14 0.00450 
   70   70    1    1     1     1     1    1    1    1  1.58733E+13 0.02122 
];


