
DET1 = [
    1    1    1    1     1     1     1    1    1    1  3.61963E+12 0.00732 
    2    2    1    1     1     1     1    1    1    1  5.75553E+12 0.00517 
    3    3    1    1     1     1     1    1    1    1  9.97374E+12 0.00422 
    4    4    1    1     1     1     1    1    1    1  3.14674E+13 0.00264 
    5    5    1    1     1     1     1    1    1    1  4.46223E+13 0.00246 
    6    6    1    1     1     1     1    1    1    1  1.02345E+14 0.00156 
    7    7    1    1     1     1     1    1    1    1  1.75034E+14 0.00123 
    8    8    1    1     1     1     1    1    1    1  3.44198E+14 0.00094 
    9    9    1    1     1     1     1    1    1    1  6.11415E+14 0.00083 
   10   10    1    1     1     1     1    1    1    1  1.07348E+15 0.00065 
   11   11    1    1     1     1     1    1    1    1  1.75896E+15 0.00061 
   12   12    1    1     1     1     1    1    1    1  2.68954E+15 0.00046 
   13   13    1    1     1     1     1    1    1    1  3.71375E+15 0.00048 
   14   14    1    1     1     1     1    1    1    1  4.50285E+15 0.00043 
   15   15    1    1     1     1     1    1    1    1  4.58178E+15 0.00040 
   16   16    1    1     1     1     1    1    1    1  3.83543E+15 0.00042 
   17   17    1    1     1     1     1    1    1    1  2.64876E+15 0.00044 
   18   18    1    1     1     1     1    1    1    1  3.05106E+15 0.00044 
   19   19    1    1     1     1     1    1    1    1  3.71545E+15 0.00044 
   20   20    1    1     1     1     1    1    1    1  3.57018E+15 0.00050 
   21   21    1    1     1     1     1    1    1    1  2.47201E+15 0.00048 
   22   22    1    1     1     1     1    1    1    1  4.07963E+15 0.00043 
   23   23    1    1     1     1     1    1    1    1  4.31448E+15 0.00053 
   24   24    1    1     1     1     1    1    1    1  4.08608E+15 0.00044 
   25   25    1    1     1     1     1    1    1    1  4.24613E+15 0.00048 
   26   26    1    1     1     1     1    1    1    1  3.62228E+15 0.00050 
   27   27    1    1     1     1     1    1    1    1  4.12661E+15 0.00048 
   28   28    1    1     1     1     1    1    1    1  4.62266E+15 0.00044 
   29   29    1    1     1     1     1    1    1    1  4.60018E+15 0.00042 
   30   30    1    1     1     1     1    1    1    1  4.51274E+15 0.00046 
   31   31    1    1     1     1     1    1    1    1  5.00970E+15 0.00048 
   32   32    1    1     1     1     1    1    1    1  4.93331E+15 0.00037 
   33   33    1    1     1     1     1    1    1    1  5.16537E+15 0.00044 
   34   34    1    1     1     1     1    1    1    1  5.36412E+15 0.00042 
   35   35    1    1     1     1     1    1    1    1  5.41222E+15 0.00040 
   36   36    1    1     1     1     1    1    1    1  5.61109E+15 0.00044 
   37   37    1    1     1     1     1    1    1    1  5.67739E+15 0.00043 
   38   38    1    1     1     1     1    1    1    1  5.82189E+15 0.00044 
   39   39    1    1     1     1     1    1    1    1  5.88395E+15 0.00042 
   40   40    1    1     1     1     1    1    1    1  5.96176E+15 0.00044 
   41   41    1    1     1     1     1    1    1    1  6.04331E+15 0.00040 
   42   42    1    1     1     1     1    1    1    1  6.18566E+15 0.00042 
   43   43    1    1     1     1     1    1    1    1  6.14470E+15 0.00039 
   44   44    1    1     1     1     1    1    1    1  6.25628E+15 0.00043 
   45   45    1    1     1     1     1    1    1    1  6.34979E+15 0.00038 
   46   46    1    1     1     1     1    1    1    1  6.46550E+15 0.00041 
   47   47    1    1     1     1     1    1    1    1  6.57704E+15 0.00037 
   48   48    1    1     1     1     1    1    1    1  6.72131E+15 0.00039 
   49   49    1    1     1     1     1    1    1    1  6.91676E+15 0.00038 
   50   50    1    1     1     1     1    1    1    1  7.19724E+15 0.00038 
   51   51    1    1     1     1     1    1    1    1  7.51793E+15 0.00034 
   52   52    1    1     1     1     1    1    1    1  8.01150E+15 0.00037 
   53   53    1    1     1     1     1    1    1    1  8.65583E+15 0.00035 
   54   54    1    1     1     1     1    1    1    1  9.54513E+15 0.00037 
   55   55    1    1     1     1     1    1    1    1  1.07229E+16 0.00035 
   56   56    1    1     1     1     1    1    1    1  1.23955E+16 0.00033 
   57   57    1    1     1     1     1    1    1    1  1.46725E+16 0.00034 
   58   58    1    1     1     1     1    1    1    1  1.82257E+16 0.00034 
   59   59    1    1     1     1     1    1    1    1  1.68004E+16 0.00031 
   60   60    1    1     1     1     1    1    1    1  2.43101E+16 0.00032 
   61   61    1    1     1     1     1    1    1    1  2.83813E+16 0.00031 
   62   62    1    1     1     1     1    1    1    1  2.35488E+16 0.00031 
   63   63    1    1     1     1     1    1    1    1  2.67765E+16 0.00034 
   64   64    1    1     1     1     1    1    1    1  2.75226E+16 0.00034 
   65   65    1    1     1     1     1    1    1    1  2.25409E+16 0.00040 
   66   66    1    1     1     1     1    1    1    1  1.44045E+16 0.00055 
   67   67    1    1     1     1     1    1    1    1  7.16621E+15 0.00093 
   68   68    1    1     1     1     1    1    1    1  1.87059E+15 0.00167 
   69   69    1    1     1     1     1    1    1    1  2.63456E+14 0.00494 
   70   70    1    1     1     1     1    1    1    1  1.51124E+13 0.02057 
];


