
DET1 = [
    1    1    1    1     1     1     1    1    1    1  5.43654E+12 0.00522 
    2    2    1    1     1     1     1    1    1    1  8.59281E+12 0.00447 
    3    3    1    1     1     1     1    1    1    1  1.47859E+13 0.00393 
    4    4    1    1     1     1     1    1    1    1  4.72296E+13 0.00228 
    5    5    1    1     1     1     1    1    1    1  6.69460E+13 0.00204 
    6    6    1    1     1     1     1    1    1    1  1.53824E+14 0.00159 
    7    7    1    1     1     1     1    1    1    1  2.62442E+14 0.00128 
    8    8    1    1     1     1     1    1    1    1  5.16180E+14 0.00092 
    9    9    1    1     1     1     1    1    1    1  9.19790E+14 0.00080 
   10   10    1    1     1     1     1    1    1    1  1.60746E+15 0.00061 
   11   11    1    1     1     1     1    1    1    1  2.63144E+15 0.00057 
   12   12    1    1     1     1     1    1    1    1  4.01043E+15 0.00042 
   13   13    1    1     1     1     1    1    1    1  5.50698E+15 0.00042 
   14   14    1    1     1     1     1    1    1    1  6.60957E+15 0.00039 
   15   15    1    1     1     1     1    1    1    1  6.63863E+15 0.00037 
   16   16    1    1     1     1     1    1    1    1  5.45995E+15 0.00037 
   17   17    1    1     1     1     1    1    1    1  3.69167E+15 0.00039 
   18   18    1    1     1     1     1    1    1    1  3.92696E+15 0.00043 
   19   19    1    1     1     1     1    1    1    1  4.35042E+15 0.00047 
   20   20    1    1     1     1     1    1    1    1  4.11583E+15 0.00053 
   21   21    1    1     1     1     1    1    1    1  2.83875E+15 0.00048 
   22   22    1    1     1     1     1    1    1    1  4.47973E+15 0.00048 
   23   23    1    1     1     1     1    1    1    1  4.90328E+15 0.00049 
   24   24    1    1     1     1     1    1    1    1  4.57938E+15 0.00048 
   25   25    1    1     1     1     1    1    1    1  4.84162E+15 0.00049 
   26   26    1    1     1     1     1    1    1    1  4.01144E+15 0.00042 
   27   27    1    1     1     1     1    1    1    1  4.76096E+15 0.00045 
   28   28    1    1     1     1     1    1    1    1  5.46906E+15 0.00043 
   29   29    1    1     1     1     1    1    1    1  5.35132E+15 0.00044 
   30   30    1    1     1     1     1    1    1    1  5.27604E+15 0.00044 
   31   31    1    1     1     1     1    1    1    1  5.82643E+15 0.00045 
   32   32    1    1     1     1     1    1    1    1  5.74185E+15 0.00043 
   33   33    1    1     1     1     1    1    1    1  6.06922E+15 0.00043 
   34   34    1    1     1     1     1    1    1    1  6.29248E+15 0.00041 
   35   35    1    1     1     1     1    1    1    1  6.32373E+15 0.00045 
   36   36    1    1     1     1     1    1    1    1  6.54255E+15 0.00040 
   37   37    1    1     1     1     1    1    1    1  6.63764E+15 0.00038 
   38   38    1    1     1     1     1    1    1    1  6.78846E+15 0.00044 
   39   39    1    1     1     1     1    1    1    1  6.87800E+15 0.00041 
   40   40    1    1     1     1     1    1    1    1  6.96989E+15 0.00042 
   41   41    1    1     1     1     1    1    1    1  7.06784E+15 0.00040 
   42   42    1    1     1     1     1    1    1    1  7.22157E+15 0.00042 
   43   43    1    1     1     1     1    1    1    1  7.18107E+15 0.00039 
   44   44    1    1     1     1     1    1    1    1  7.31268E+15 0.00044 
   45   45    1    1     1     1     1    1    1    1  7.41504E+15 0.00040 
   46   46    1    1     1     1     1    1    1    1  7.55318E+15 0.00044 
   47   47    1    1     1     1     1    1    1    1  7.68330E+15 0.00040 
   48   48    1    1     1     1     1    1    1    1  7.85567E+15 0.00041 
   49   49    1    1     1     1     1    1    1    1  8.08070E+15 0.00041 
   50   50    1    1     1     1     1    1    1    1  8.41209E+15 0.00041 
   51   51    1    1     1     1     1    1    1    1  8.77634E+15 0.00038 
   52   52    1    1     1     1     1    1    1    1  9.35507E+15 0.00040 
   53   53    1    1     1     1     1    1    1    1  1.01148E+16 0.00038 
   54   54    1    1     1     1     1    1    1    1  1.11599E+16 0.00039 
   55   55    1    1     1     1     1    1    1    1  1.25326E+16 0.00036 
   56   56    1    1     1     1     1    1    1    1  1.44914E+16 0.00038 
   57   57    1    1     1     1     1    1    1    1  1.71408E+16 0.00036 
   58   58    1    1     1     1     1    1    1    1  2.12816E+16 0.00033 
   59   59    1    1     1     1     1    1    1    1  1.96135E+16 0.00032 
   60   60    1    1     1     1     1    1    1    1  2.83579E+16 0.00037 
   61   61    1    1     1     1     1    1    1    1  3.31158E+16 0.00032 
   62   62    1    1     1     1     1    1    1    1  2.74430E+16 0.00036 
   63   63    1    1     1     1     1    1    1    1  3.11433E+16 0.00036 
   64   64    1    1     1     1     1    1    1    1  3.18436E+16 0.00036 
   65   65    1    1     1     1     1    1    1    1  2.60298E+16 0.00045 
   66   66    1    1     1     1     1    1    1    1  1.66187E+16 0.00052 
   67   67    1    1     1     1     1    1    1    1  8.28234E+15 0.00083 
   68   68    1    1     1     1     1    1    1    1  2.17583E+15 0.00171 
   69   69    1    1     1     1     1    1    1    1  3.07228E+14 0.00439 
   70   70    1    1     1     1     1    1    1    1  1.74659E+13 0.02162 
];


