
DET1 = [
    1    1    1    1     1     1     1    1    1    1  3.10454E+12 0.00768 
    2    2    1    1     1     1     1    1    1    1  4.97237E+12 0.00654 
    3    3    1    1     1     1     1    1    1    1  8.58653E+12 0.00497 
    4    4    1    1     1     1     1    1    1    1  2.70469E+13 0.00282 
    5    5    1    1     1     1     1    1    1    1  3.83295E+13 0.00245 
    6    6    1    1     1     1     1    1    1    1  8.78049E+13 0.00153 
    7    7    1    1     1     1     1    1    1    1  1.49551E+14 0.00137 
    8    8    1    1     1     1     1    1    1    1  2.95251E+14 0.00094 
    9    9    1    1     1     1     1    1    1    1  5.23842E+14 0.00083 
   10   10    1    1     1     1     1    1    1    1  9.18866E+14 0.00065 
   11   11    1    1     1     1     1    1    1    1  1.50916E+15 0.00062 
   12   12    1    1     1     1     1    1    1    1  2.31003E+15 0.00048 
   13   13    1    1     1     1     1    1    1    1  3.19624E+15 0.00045 
   14   14    1    1     1     1     1    1    1    1  3.88488E+15 0.00042 
   15   15    1    1     1     1     1    1    1    1  3.96919E+15 0.00042 
   16   16    1    1     1     1     1    1    1    1  3.33297E+15 0.00042 
   17   17    1    1     1     1     1    1    1    1  2.32431E+15 0.00045 
   18   18    1    1     1     1     1    1    1    1  2.74272E+15 0.00044 
   19   19    1    1     1     1     1    1    1    1  3.48069E+15 0.00047 
   20   20    1    1     1     1     1    1    1    1  3.40325E+15 0.00048 
   21   21    1    1     1     1     1    1    1    1  2.37841E+15 0.00047 
   22   22    1    1     1     1     1    1    1    1  3.94961E+15 0.00045 
   23   23    1    1     1     1     1    1    1    1  4.08481E+15 0.00048 
   24   24    1    1     1     1     1    1    1    1  3.87204E+15 0.00048 
   25   25    1    1     1     1     1    1    1    1  4.02707E+15 0.00049 
   26   26    1    1     1     1     1    1    1    1  3.50279E+15 0.00047 
   27   27    1    1     1     1     1    1    1    1  3.87317E+15 0.00045 
   28   28    1    1     1     1     1    1    1    1  4.27564E+15 0.00046 
   29   29    1    1     1     1     1    1    1    1  4.30304E+15 0.00044 
   30   30    1    1     1     1     1    1    1    1  4.20264E+15 0.00045 
   31   31    1    1     1     1     1    1    1    1  4.67821E+15 0.00044 
   32   32    1    1     1     1     1    1    1    1  4.59985E+15 0.00042 
   33   33    1    1     1     1     1    1    1    1  4.79282E+15 0.00046 
   34   34    1    1     1     1     1    1    1    1  4.98244E+15 0.00043 
   35   35    1    1     1     1     1    1    1    1  5.04310E+15 0.00044 
   36   36    1    1     1     1     1    1    1    1  5.22618E+15 0.00043 
   37   37    1    1     1     1     1    1    1    1  5.27750E+15 0.00043 
   38   38    1    1     1     1     1    1    1    1  5.42729E+15 0.00044 
   39   39    1    1     1     1     1    1    1    1  5.48112E+15 0.00044 
   40   40    1    1     1     1     1    1    1    1  5.55216E+15 0.00042 
   41   41    1    1     1     1     1    1    1    1  5.63058E+15 0.00041 
   42   42    1    1     1     1     1    1    1    1  5.76853E+15 0.00039 
   43   43    1    1     1     1     1    1    1    1  5.72943E+15 0.00043 
   44   44    1    1     1     1     1    1    1    1  5.82824E+15 0.00041 
   45   45    1    1     1     1     1    1    1    1  5.91748E+15 0.00044 
   46   46    1    1     1     1     1    1    1    1  6.02888E+15 0.00041 
   47   47    1    1     1     1     1    1    1    1  6.12815E+15 0.00041 
   48   48    1    1     1     1     1    1    1    1  6.26349E+15 0.00040 
   49   49    1    1     1     1     1    1    1    1  6.44879E+15 0.00043 
   50   50    1    1     1     1     1    1    1    1  6.70748E+15 0.00042 
   51   51    1    1     1     1     1    1    1    1  7.00454E+15 0.00040 
   52   52    1    1     1     1     1    1    1    1  7.46326E+15 0.00041 
   53   53    1    1     1     1     1    1    1    1  8.06533E+15 0.00040 
   54   54    1    1     1     1     1    1    1    1  8.89843E+15 0.00035 
   55   55    1    1     1     1     1    1    1    1  9.99581E+15 0.00038 
   56   56    1    1     1     1     1    1    1    1  1.15626E+16 0.00034 
   57   57    1    1     1     1     1    1    1    1  1.36777E+16 0.00035 
   58   58    1    1     1     1     1    1    1    1  1.69919E+16 0.00031 
   59   59    1    1     1     1     1    1    1    1  1.56608E+16 0.00036 
   60   60    1    1     1     1     1    1    1    1  2.26760E+16 0.00034 
   61   61    1    1     1     1     1    1    1    1  2.65076E+16 0.00033 
   62   62    1    1     1     1     1    1    1    1  2.20042E+16 0.00034 
   63   63    1    1     1     1     1    1    1    1  2.50375E+16 0.00035 
   64   64    1    1     1     1     1    1    1    1  2.57916E+16 0.00038 
   65   65    1    1     1     1     1    1    1    1  2.11288E+16 0.00040 
   66   66    1    1     1     1     1    1    1    1  1.35129E+16 0.00060 
   67   67    1    1     1     1     1    1    1    1  6.71491E+15 0.00086 
   68   68    1    1     1     1     1    1    1    1  1.75206E+15 0.00170 
   69   69    1    1     1     1     1    1    1    1  2.44728E+14 0.00473 
   70   70    1    1     1     1     1    1    1    1  1.40760E+13 0.02018 
];


