
DET1 = [
    1    1    1    1     1     1     1    1    1    1  3.92271E+12 0.00588 
    2    2    1    1     1     1     1    1    1    1  6.25642E+12 0.00519 
    3    3    1    1     1     1     1    1    1    1  1.07515E+13 0.00419 
    4    4    1    1     1     1     1    1    1    1  3.42916E+13 0.00250 
    5    5    1    1     1     1     1    1    1    1  4.85358E+13 0.00232 
    6    6    1    1     1     1     1    1    1    1  1.11447E+14 0.00168 
    7    7    1    1     1     1     1    1    1    1  1.90685E+14 0.00123 
    8    8    1    1     1     1     1    1    1    1  3.75393E+14 0.00103 
    9    9    1    1     1     1     1    1    1    1  6.67998E+14 0.00084 
   10   10    1    1     1     1     1    1    1    1  1.17149E+15 0.00069 
   11   11    1    1     1     1     1    1    1    1  1.91771E+15 0.00056 
   12   12    1    1     1     1     1    1    1    1  2.93254E+15 0.00044 
   13   13    1    1     1     1     1    1    1    1  4.04127E+15 0.00042 
   14   14    1    1     1     1     1    1    1    1  4.88463E+15 0.00043 
   15   15    1    1     1     1     1    1    1    1  4.96060E+15 0.00040 
   16   16    1    1     1     1     1    1    1    1  4.13599E+15 0.00043 
   17   17    1    1     1     1     1    1    1    1  2.84030E+15 0.00041 
   18   18    1    1     1     1     1    1    1    1  3.22707E+15 0.00043 
   19   19    1    1     1     1     1    1    1    1  3.84225E+15 0.00048 
   20   20    1    1     1     1     1    1    1    1  3.66961E+15 0.00050 
   21   21    1    1     1     1     1    1    1    1  2.52932E+15 0.00047 
   22   22    1    1     1     1     1    1    1    1  4.14661E+15 0.00049 
   23   23    1    1     1     1     1    1    1    1  4.43567E+15 0.00046 
   24   24    1    1     1     1     1    1    1    1  4.18524E+15 0.00046 
   25   25    1    1     1     1     1    1    1    1  4.36381E+15 0.00047 
   26   26    1    1     1     1     1    1    1    1  3.69254E+15 0.00047 
   27   27    1    1     1     1     1    1    1    1  4.25763E+15 0.00043 
   28   28    1    1     1     1     1    1    1    1  4.80076E+15 0.00042 
   29   29    1    1     1     1     1    1    1    1  4.75242E+15 0.00045 
   30   30    1    1     1     1     1    1    1    1  4.67034E+15 0.00046 
   31   31    1    1     1     1     1    1    1    1  5.18279E+15 0.00044 
   32   32    1    1     1     1     1    1    1    1  5.10509E+15 0.00043 
   33   33    1    1     1     1     1    1    1    1  5.34905E+15 0.00046 
   34   34    1    1     1     1     1    1    1    1  5.56041E+15 0.00042 
   35   35    1    1     1     1     1    1    1    1  5.60934E+15 0.00043 
   36   36    1    1     1     1     1    1    1    1  5.80170E+15 0.00039 
   37   37    1    1     1     1     1    1    1    1  5.87609E+15 0.00042 
   38   38    1    1     1     1     1    1    1    1  6.02400E+15 0.00043 
   39   39    1    1     1     1     1    1    1    1  6.09231E+15 0.00041 
   40   40    1    1     1     1     1    1    1    1  6.16968E+15 0.00042 
   41   41    1    1     1     1     1    1    1    1  6.25643E+15 0.00040 
   42   42    1    1     1     1     1    1    1    1  6.39981E+15 0.00045 
   43   43    1    1     1     1     1    1    1    1  6.35731E+15 0.00044 
   44   44    1    1     1     1     1    1    1    1  6.47877E+15 0.00039 
   45   45    1    1     1     1     1    1    1    1  6.56329E+15 0.00044 
   46   46    1    1     1     1     1    1    1    1  6.69236E+15 0.00039 
   47   47    1    1     1     1     1    1    1    1  6.80628E+15 0.00041 
   48   48    1    1     1     1     1    1    1    1  6.96234E+15 0.00041 
   49   49    1    1     1     1     1    1    1    1  7.15951E+15 0.00043 
   50   50    1    1     1     1     1    1    1    1  7.45257E+15 0.00036 
   51   51    1    1     1     1     1    1    1    1  7.77579E+15 0.00036 
   52   52    1    1     1     1     1    1    1    1  8.28987E+15 0.00038 
   53   53    1    1     1     1     1    1    1    1  8.95464E+15 0.00035 
   54   54    1    1     1     1     1    1    1    1  9.88019E+15 0.00037 
   55   55    1    1     1     1     1    1    1    1  1.10988E+16 0.00035 
   56   56    1    1     1     1     1    1    1    1  1.28313E+16 0.00035 
   57   57    1    1     1     1     1    1    1    1  1.51754E+16 0.00033 
   58   58    1    1     1     1     1    1    1    1  1.88596E+16 0.00031 
   59   59    1    1     1     1     1    1    1    1  1.73705E+16 0.00034 
   60   60    1    1     1     1     1    1    1    1  2.51480E+16 0.00034 
   61   61    1    1     1     1     1    1    1    1  2.93770E+16 0.00033 
   62   62    1    1     1     1     1    1    1    1  2.43419E+16 0.00036 
   63   63    1    1     1     1     1    1    1    1  2.76587E+16 0.00037 
   64   64    1    1     1     1     1    1    1    1  2.84146E+16 0.00037 
   65   65    1    1     1     1     1    1    1    1  2.32505E+16 0.00043 
   66   66    1    1     1     1     1    1    1    1  1.48478E+16 0.00054 
   67   67    1    1     1     1     1    1    1    1  7.40159E+15 0.00091 
   68   68    1    1     1     1     1    1    1    1  1.93641E+15 0.00168 
   69   69    1    1     1     1     1    1    1    1  2.71068E+14 0.00471 
   70   70    1    1     1     1     1    1    1    1  1.61200E+13 0.02280 
];


