
DET1 = [
    1    1    1    1     1     1     1    1    1    1  3.09820E+12 0.00752 
    2    2    1    1     1     1     1    1    1    1  4.95392E+12 0.00569 
    3    3    1    1     1     1     1    1    1    1  8.47353E+12 0.00412 
    4    4    1    1     1     1     1    1    1    1  2.70215E+13 0.00302 
    5    5    1    1     1     1     1    1    1    1  3.82664E+13 0.00221 
    6    6    1    1     1     1     1    1    1    1  8.73177E+13 0.00157 
    7    7    1    1     1     1     1    1    1    1  1.49239E+14 0.00131 
    8    8    1    1     1     1     1    1    1    1  2.93544E+14 0.00094 
    9    9    1    1     1     1     1    1    1    1  5.20638E+14 0.00081 
   10   10    1    1     1     1     1    1    1    1  9.15401E+14 0.00069 
   11   11    1    1     1     1     1    1    1    1  1.50244E+15 0.00058 
   12   12    1    1     1     1     1    1    1    1  2.29966E+15 0.00053 
   13   13    1    1     1     1     1    1    1    1  3.18229E+15 0.00041 
   14   14    1    1     1     1     1    1    1    1  3.87114E+15 0.00044 
   15   15    1    1     1     1     1    1    1    1  3.95385E+15 0.00040 
   16   16    1    1     1     1     1    1    1    1  3.31812E+15 0.00042 
   17   17    1    1     1     1     1    1    1    1  2.31546E+15 0.00043 
   18   18    1    1     1     1     1    1    1    1  2.73272E+15 0.00042 
   19   19    1    1     1     1     1    1    1    1  3.47422E+15 0.00049 
   20   20    1    1     1     1     1    1    1    1  3.39283E+15 0.00050 
   21   21    1    1     1     1     1    1    1    1  2.37297E+15 0.00047 
   22   22    1    1     1     1     1    1    1    1  3.94449E+15 0.00045 
   23   23    1    1     1     1     1    1    1    1  4.07014E+15 0.00050 
   24   24    1    1     1     1     1    1    1    1  3.86126E+15 0.00044 
   25   25    1    1     1     1     1    1    1    1  4.01538E+15 0.00047 
   26   26    1    1     1     1     1    1    1    1  3.49359E+15 0.00050 
   27   27    1    1     1     1     1    1    1    1  3.85815E+15 0.00047 
   28   28    1    1     1     1     1    1    1    1  4.26332E+15 0.00041 
   29   29    1    1     1     1     1    1    1    1  4.29063E+15 0.00046 
   30   30    1    1     1     1     1    1    1    1  4.18938E+15 0.00048 
   31   31    1    1     1     1     1    1    1    1  4.66417E+15 0.00049 
   32   32    1    1     1     1     1    1    1    1  4.58384E+15 0.00044 
   33   33    1    1     1     1     1    1    1    1  4.77453E+15 0.00041 
   34   34    1    1     1     1     1    1    1    1  4.97402E+15 0.00045 
   35   35    1    1     1     1     1    1    1    1  5.02592E+15 0.00044 
   36   36    1    1     1     1     1    1    1    1  5.21061E+15 0.00042 
   37   37    1    1     1     1     1    1    1    1  5.26432E+15 0.00041 
   38   38    1    1     1     1     1    1    1    1  5.40956E+15 0.00040 
   39   39    1    1     1     1     1    1    1    1  5.46243E+15 0.00044 
   40   40    1    1     1     1     1    1    1    1  5.53815E+15 0.00043 
   41   41    1    1     1     1     1    1    1    1  5.61036E+15 0.00041 
   42   42    1    1     1     1     1    1    1    1  5.74807E+15 0.00044 
   43   43    1    1     1     1     1    1    1    1  5.70716E+15 0.00041 
   44   44    1    1     1     1     1    1    1    1  5.81214E+15 0.00040 
   45   45    1    1     1     1     1    1    1    1  5.89806E+15 0.00038 
   46   46    1    1     1     1     1    1    1    1  6.00817E+15 0.00041 
   47   47    1    1     1     1     1    1    1    1  6.11193E+15 0.00037 
   48   48    1    1     1     1     1    1    1    1  6.24503E+15 0.00043 
   49   49    1    1     1     1     1    1    1    1  6.42736E+15 0.00041 
   50   50    1    1     1     1     1    1    1    1  6.68776E+15 0.00036 
   51   51    1    1     1     1     1    1    1    1  6.98475E+15 0.00038 
   52   52    1    1     1     1     1    1    1    1  7.44785E+15 0.00037 
   53   53    1    1     1     1     1    1    1    1  8.04750E+15 0.00043 
   54   54    1    1     1     1     1    1    1    1  8.87423E+15 0.00034 
   55   55    1    1     1     1     1    1    1    1  9.96766E+15 0.00039 
   56   56    1    1     1     1     1    1    1    1  1.15268E+16 0.00036 
   57   57    1    1     1     1     1    1    1    1  1.36320E+16 0.00034 
   58   58    1    1     1     1     1    1    1    1  1.69310E+16 0.00030 
   59   59    1    1     1     1     1    1    1    1  1.56149E+16 0.00031 
   60   60    1    1     1     1     1    1    1    1  2.26169E+16 0.00035 
   61   61    1    1     1     1     1    1    1    1  2.64175E+16 0.00035 
   62   62    1    1     1     1     1    1    1    1  2.19287E+16 0.00036 
   63   63    1    1     1     1     1    1    1    1  2.49578E+16 0.00035 
   64   64    1    1     1     1     1    1    1    1  2.57130E+16 0.00033 
   65   65    1    1     1     1     1    1    1    1  2.10706E+16 0.00043 
   66   66    1    1     1     1     1    1    1    1  1.34551E+16 0.00063 
   67   67    1    1     1     1     1    1    1    1  6.70600E+15 0.00089 
   68   68    1    1     1     1     1    1    1    1  1.74474E+15 0.00177 
   69   69    1    1     1     1     1    1    1    1  2.45156E+14 0.00454 
   70   70    1    1     1     1     1    1    1    1  1.40782E+13 0.02116 
];


