
DET1 = [
    1    1    1    1     1     1     1    1    1    1  3.13733E+12 0.00884 
    2    2    1    1     1     1     1    1    1    1  4.88913E+12 0.00565 
    3    3    1    1     1     1     1    1    1    1  8.45249E+12 0.00432 
    4    4    1    1     1     1     1    1    1    1  2.68071E+13 0.00268 
    5    5    1    1     1     1     1    1    1    1  3.79613E+13 0.00253 
    6    6    1    1     1     1     1    1    1    1  8.67580E+13 0.00162 
    7    7    1    1     1     1     1    1    1    1  1.48334E+14 0.00135 
    8    8    1    1     1     1     1    1    1    1  2.92264E+14 0.00109 
    9    9    1    1     1     1     1    1    1    1  5.18925E+14 0.00081 
   10   10    1    1     1     1     1    1    1    1  9.10576E+14 0.00069 
   11   11    1    1     1     1     1    1    1    1  1.49366E+15 0.00062 
   12   12    1    1     1     1     1    1    1    1  2.28605E+15 0.00048 
   13   13    1    1     1     1     1    1    1    1  3.16727E+15 0.00046 
   14   14    1    1     1     1     1    1    1    1  3.85140E+15 0.00040 
   15   15    1    1     1     1     1    1    1    1  3.92472E+15 0.00041 
   16   16    1    1     1     1     1    1    1    1  3.28696E+15 0.00041 
   17   17    1    1     1     1     1    1    1    1  2.28671E+15 0.00047 
   18   18    1    1     1     1     1    1    1    1  2.70011E+15 0.00041 
   19   19    1    1     1     1     1    1    1    1  3.44703E+15 0.00048 
   20   20    1    1     1     1     1    1    1    1  3.36654E+15 0.00044 
   21   21    1    1     1     1     1    1    1    1  2.35644E+15 0.00049 
   22   22    1    1     1     1     1    1    1    1  3.91977E+15 0.00051 
   23   23    1    1     1     1     1    1    1    1  4.03999E+15 0.00047 
   24   24    1    1     1     1     1    1    1    1  3.83155E+15 0.00050 
   25   25    1    1     1     1     1    1    1    1  3.98429E+15 0.00047 
   26   26    1    1     1     1     1    1    1    1  3.47084E+15 0.00048 
   27   27    1    1     1     1     1    1    1    1  3.82748E+15 0.00045 
   28   28    1    1     1     1     1    1    1    1  4.21625E+15 0.00047 
   29   29    1    1     1     1     1    1    1    1  4.25038E+15 0.00040 
   30   30    1    1     1     1     1    1    1    1  4.14905E+15 0.00044 
   31   31    1    1     1     1     1    1    1    1  4.61845E+15 0.00043 
   32   32    1    1     1     1     1    1    1    1  4.53728E+15 0.00039 
   33   33    1    1     1     1     1    1    1    1  4.72743E+15 0.00045 
   34   34    1    1     1     1     1    1    1    1  4.92686E+15 0.00039 
   35   35    1    1     1     1     1    1    1    1  4.98251E+15 0.00042 
   36   36    1    1     1     1     1    1    1    1  5.16596E+15 0.00044 
   37   37    1    1     1     1     1    1    1    1  5.21295E+15 0.00042 
   38   38    1    1     1     1     1    1    1    1  5.35551E+15 0.00044 
   39   39    1    1     1     1     1    1    1    1  5.41818E+15 0.00044 
   40   40    1    1     1     1     1    1    1    1  5.48306E+15 0.00043 
   41   41    1    1     1     1     1    1    1    1  5.55877E+15 0.00042 
   42   42    1    1     1     1     1    1    1    1  5.69478E+15 0.00044 
   43   43    1    1     1     1     1    1    1    1  5.65498E+15 0.00048 
   44   44    1    1     1     1     1    1    1    1  5.76270E+15 0.00039 
   45   45    1    1     1     1     1    1    1    1  5.84195E+15 0.00040 
   46   46    1    1     1     1     1    1    1    1  5.94823E+15 0.00039 
   47   47    1    1     1     1     1    1    1    1  6.05279E+15 0.00038 
   48   48    1    1     1     1     1    1    1    1  6.18773E+15 0.00040 
   49   49    1    1     1     1     1    1    1    1  6.37075E+15 0.00038 
   50   50    1    1     1     1     1    1    1    1  6.62345E+15 0.00039 
   51   51    1    1     1     1     1    1    1    1  6.91426E+15 0.00041 
   52   52    1    1     1     1     1    1    1    1  7.37313E+15 0.00040 
   53   53    1    1     1     1     1    1    1    1  7.96662E+15 0.00040 
   54   54    1    1     1     1     1    1    1    1  8.78610E+15 0.00035 
   55   55    1    1     1     1     1    1    1    1  9.86821E+15 0.00036 
   56   56    1    1     1     1     1    1    1    1  1.14102E+16 0.00038 
   57   57    1    1     1     1     1    1    1    1  1.35055E+16 0.00036 
   58   58    1    1     1     1     1    1    1    1  1.67740E+16 0.00033 
   59   59    1    1     1     1     1    1    1    1  1.54700E+16 0.00034 
   60   60    1    1     1     1     1    1    1    1  2.23909E+16 0.00033 
   61   61    1    1     1     1     1    1    1    1  2.61651E+16 0.00031 
   62   62    1    1     1     1     1    1    1    1  2.17239E+16 0.00035 
   63   63    1    1     1     1     1    1    1    1  2.47364E+16 0.00032 
   64   64    1    1     1     1     1    1    1    1  2.54706E+16 0.00036 
   65   65    1    1     1     1     1    1    1    1  2.08994E+16 0.00047 
   66   66    1    1     1     1     1    1    1    1  1.33369E+16 0.00055 
   67   67    1    1     1     1     1    1    1    1  6.63800E+15 0.00090 
   68   68    1    1     1     1     1    1    1    1  1.73068E+15 0.00164 
   69   69    1    1     1     1     1    1    1    1  2.45003E+14 0.00485 
   70   70    1    1     1     1     1    1    1    1  1.38549E+13 0.02055 
];


