
DET1 = [
    1    1    1    1     1     1     1    1    1    1  4.52906E+12 0.00625 
    2    2    1    1     1     1     1    1    1    1  7.18354E+12 0.00500 
    3    3    1    1     1     1     1    1    1    1  1.24289E+13 0.00414 
    4    4    1    1     1     1     1    1    1    1  3.94720E+13 0.00257 
    5    5    1    1     1     1     1    1    1    1  5.59691E+13 0.00234 
    6    6    1    1     1     1     1    1    1    1  1.28587E+14 0.00159 
    7    7    1    1     1     1     1    1    1    1  2.19480E+14 0.00124 
    8    8    1    1     1     1     1    1    1    1  4.31285E+14 0.00102 
    9    9    1    1     1     1     1    1    1    1  7.67596E+14 0.00081 
   10   10    1    1     1     1     1    1    1    1  1.34684E+15 0.00065 
   11   11    1    1     1     1     1    1    1    1  2.20351E+15 0.00052 
   12   12    1    1     1     1     1    1    1    1  3.36578E+15 0.00044 
   13   13    1    1     1     1     1    1    1    1  4.62638E+15 0.00041 
   14   14    1    1     1     1     1    1    1    1  5.57739E+15 0.00039 
   15   15    1    1     1     1     1    1    1    1  5.63369E+15 0.00037 
   16   16    1    1     1     1     1    1    1    1  4.66868E+15 0.00039 
   17   17    1    1     1     1     1    1    1    1  3.18706E+15 0.00043 
   18   18    1    1     1     1     1    1    1    1  3.51818E+15 0.00042 
   19   19    1    1     1     1     1    1    1    1  4.05518E+15 0.00044 
   20   20    1    1     1     1     1    1    1    1  3.85254E+15 0.00040 
   21   21    1    1     1     1     1    1    1    1  2.64983E+15 0.00046 
   22   22    1    1     1     1     1    1    1    1  4.27904E+15 0.00050 
   23   23    1    1     1     1     1    1    1    1  4.63614E+15 0.00052 
   24   24    1    1     1     1     1    1    1    1  4.35472E+15 0.00047 
   25   25    1    1     1     1     1    1    1    1  4.56278E+15 0.00049 
   26   26    1    1     1     1     1    1    1    1  3.82364E+15 0.00046 
   27   27    1    1     1     1     1    1    1    1  4.47053E+15 0.00046 
   28   28    1    1     1     1     1    1    1    1  5.09081E+15 0.00046 
   29   29    1    1     1     1     1    1    1    1  5.00846E+15 0.00043 
   30   30    1    1     1     1     1    1    1    1  4.93531E+15 0.00040 
   31   31    1    1     1     1     1    1    1    1  5.45703E+15 0.00047 
   32   32    1    1     1     1     1    1    1    1  5.38118E+15 0.00043 
   33   33    1    1     1     1     1    1    1    1  5.65938E+15 0.00043 
   34   34    1    1     1     1     1    1    1    1  5.87692E+15 0.00044 
   35   35    1    1     1     1     1    1    1    1  5.91333E+15 0.00042 
   36   36    1    1     1     1     1    1    1    1  6.12073E+15 0.00044 
   37   37    1    1     1     1     1    1    1    1  6.20066E+15 0.00045 
   38   38    1    1     1     1     1    1    1    1  6.34784E+15 0.00042 
   39   39    1    1     1     1     1    1    1    1  6.42851E+15 0.00042 
   40   40    1    1     1     1     1    1    1    1  6.51184E+15 0.00044 
   41   41    1    1     1     1     1    1    1    1  6.60798E+15 0.00042 
   42   42    1    1     1     1     1    1    1    1  6.75334E+15 0.00044 
   43   43    1    1     1     1     1    1    1    1  6.70856E+15 0.00042 
   44   44    1    1     1     1     1    1    1    1  6.83575E+15 0.00040 
   45   45    1    1     1     1     1    1    1    1  6.93202E+15 0.00040 
   46   46    1    1     1     1     1    1    1    1  7.06000E+15 0.00040 
   47   47    1    1     1     1     1    1    1    1  7.18407E+15 0.00042 
   48   48    1    1     1     1     1    1    1    1  7.34221E+15 0.00042 
   49   49    1    1     1     1     1    1    1    1  7.55981E+15 0.00040 
   50   50    1    1     1     1     1    1    1    1  7.86226E+15 0.00036 
   51   51    1    1     1     1     1    1    1    1  8.20335E+15 0.00039 
   52   52    1    1     1     1     1    1    1    1  8.75184E+15 0.00037 
   53   53    1    1     1     1     1    1    1    1  9.45169E+15 0.00041 
   54   54    1    1     1     1     1    1    1    1  1.04277E+16 0.00036 
   55   55    1    1     1     1     1    1    1    1  1.17116E+16 0.00035 
   56   56    1    1     1     1     1    1    1    1  1.35381E+16 0.00039 
   57   57    1    1     1     1     1    1    1    1  1.60216E+16 0.00033 
   58   58    1    1     1     1     1    1    1    1  1.98976E+16 0.00029 
   59   59    1    1     1     1     1    1    1    1  1.83393E+16 0.00034 
   60   60    1    1     1     1     1    1    1    1  2.65310E+16 0.00031 
   61   61    1    1     1     1     1    1    1    1  3.09644E+16 0.00031 
   62   62    1    1     1     1     1    1    1    1  2.56786E+16 0.00035 
   63   63    1    1     1     1     1    1    1    1  2.91259E+16 0.00035 
   64   64    1    1     1     1     1    1    1    1  2.98718E+16 0.00038 
   65   65    1    1     1     1     1    1    1    1  2.44176E+16 0.00042 
   66   66    1    1     1     1     1    1    1    1  1.55901E+16 0.00062 
   67   67    1    1     1     1     1    1    1    1  7.77025E+15 0.00089 
   68   68    1    1     1     1     1    1    1    1  2.03792E+15 0.00165 
   69   69    1    1     1     1     1    1    1    1  2.91331E+14 0.00482 
   70   70    1    1     1     1     1    1    1    1  1.62514E+13 0.02203 
];


