
ZAI = [
902320
902330
912330
912340
922330
922340
922350
922360
922370
922380
932370
932390
942380
942390
942400
942410
942420
952410
952430
541350
621490
551370
380900
531290
601430
601450
666
0
];

NAMES = [
'Th232           '
'Th233           '
'Pa233           '
'Pa234           '
'U233            '
'U234            '
'U235            '
'U236            '
'U237            '
'U238            '
'Np237           '
'Np239           '
'Pu238           '
'Pu239           '
'Pu240           '
'Pu241           '
'Pu242           '
'Am241           '
'Am243           '
'Xe135           '
'Sm149           '
'Cs137           '
'Sr90            '
'I129            '
'Nd143           '
'Nd145           '
'lost            '
'total           '
];

i902320 = 1; iTh232            = 1;
i902330 = 2; iTh233            = 2;
i912330 = 3; iPa233            = 3;
i912340 = 4; iPa234            = 4;
i922330 = 5; iU233             = 5;
i922340 = 6; iU234             = 6;
i922350 = 7; iU235             = 7;
i922360 = 8; iU236             = 8;
i922370 = 9; iU237             = 9;
i922380 = 10; iU238             = 10;
i932370 = 11; iNp237            = 11;
i932390 = 12; iNp239            = 12;
i942380 = 13; iPu238            = 13;
i942390 = 14; iPu239            = 14;
i942400 = 15; iPu240            = 15;
i942410 = 16; iPu241            = 16;
i942420 = 17; iPu242            = 17;
i952410 = 18; iAm241            = 18;
i952430 = 19; iAm243            = 19;
i541350 = 20; iXe135            = 20;
i621490 = 21; iSm149            = 21;
i551370 = 22; iCs137            = 22;
i380900 = 23; iSr90             = 23;
i531290 = 24; iI129             = 24;
i601430 = 25; iNd143            = 25;
i601450 = 26; iNd145            = 26;
iLOST    = 27;
iTOT     = 28;

MAT_fuel_VOLUME = [ 1.39419E+02 1.39419E+02 1.39419E+02 1.39419E+02 1.39419E+02 1.39419E+02 1.39419E+02 1.39419E+02 1.39419E+02 1.39419E+02 1.39419E+02 1.39419E+02 ];

MAT_fuel_BURNUP = [ 0.00000E+00 1.00000E-01 7.00003E-01 1.60001E+00 3.00001E+00 6.00003E+00 1.00000E+01 1.60001E+01 2.00001E+01 2.80001E+01 4.20002E+01 5.00002E+01 ];

MAT_fuel_ADENS = [
1.32920E-02 1.32898E-02 1.32764E-02 1.32564E-02 1.32263E-02 1.31656E-02 1.30905E-02 1.29851E-02 1.29178E-02 1.27876E-02 1.25685E-02 1.24465E-02 % Th232
0.00000E+00 1.81769E-08 1.82876E-08 1.81073E-08 1.75375E-08 1.64676E-08 1.52510E-08 1.42342E-08 1.36349E-08 1.31493E-08 1.25896E-08 1.22963E-08 % Th233
0.00000E+00 2.09522E-06 1.21491E-05 2.09905E-05 2.66694E-05 2.80908E-05 2.63620E-05 2.45691E-05 2.35890E-05 2.27121E-05 2.17590E-05 2.12626E-05 % Pa233
0.00000E+00 3.60234E-10 2.44511E-09 4.24596E-09 5.29077E-09 5.34478E-09 4.75486E-09 4.22740E-09 3.93421E-09 3.70376E-09 3.45873E-09 3.32646E-09 % Pa234
0.00000E+00 7.08292E-08 3.02719E-06 1.27020E-05 3.26062E-05 7.39342E-05 1.15073E-04 1.54784E-04 1.72863E-04 1.96438E-04 2.17747E-04 2.24630E-04 % U233
0.00000E+00 2.58687E-09 1.30372E-07 6.06906E-07 1.78095E-06 5.14794E-06 1.03062E-05 1.83695E-05 2.36839E-05 3.38335E-05 4.96015E-05 5.74295E-05 % U234
2.65841E-04 2.63218E-04 2.48042E-04 2.27277E-04 1.99634E-04 1.54913E-04 1.14812E-04 7.74319E-05 6.13538E-05 4.12198E-05 2.59960E-05 2.27763E-05 % U235
0.00000E+00 4.36131E-07 2.95893E-06 6.39671E-06 1.09451E-05 1.82056E-05 2.45310E-05 3.01075E-05 3.23190E-05 3.47556E-05 3.59375E-05 3.58895E-05 % U236
0.00000E+00 3.50265E-09 1.75891E-08 3.08583E-08 4.61857E-08 6.80428E-08 8.38373E-08 9.56940E-08 9.88587E-08 1.03092E-07 1.03618E-07 1.02050E-07 % U237
8.59552E-03 8.59428E-03 8.58669E-03 8.57529E-03 8.55779E-03 8.52148E-03 8.47503E-03 8.40774E-03 8.36384E-03 8.27732E-03 8.12831E-03 8.04401E-03 % U238
0.00000E+00 4.85537E-10 1.86189E-08 7.66419E-08 2.14589E-07 6.27906E-07 1.29482E-06 2.34104E-06 3.01082E-06 4.20888E-06 5.80465E-06 6.46228E-06 % Np237
0.00000E+00 8.02535E-07 1.51231E-06 1.52006E-06 1.49694E-06 1.44510E-06 1.38281E-06 1.33086E-06 1.30252E-06 1.27888E-06 1.25192E-06 1.24317E-06 % Np239
0.00000E+00 1.59322E-13 1.35642E-10 1.59989E-09 8.90464E-09 5.15078E-08 1.70394E-07 4.73913E-07 7.47874E-07 1.42161E-06 2.80127E-06 3.60053E-06 % Pu238
0.00000E+00 3.43591E-07 6.15913E-06 1.41586E-05 2.33556E-05 3.52410E-05 4.35872E-05 5.00116E-05 5.28051E-05 5.63306E-05 5.98876E-05 6.18286E-05 % Pu239
0.00000E+00 2.16966E-09 1.95471E-07 9.94850E-07 2.84116E-06 7.19773E-06 1.21060E-05 1.73577E-05 1.98379E-05 2.32935E-05 2.66368E-05 2.77076E-05 % Pu240
0.00000E+00 1.72411E-11 1.10805E-08 1.29812E-07 6.58131E-07 2.81735E-06 6.26580E-06 1.07418E-05 1.29769E-05 1.63017E-05 1.96717E-05 2.07696E-05 % Pu241
0.00000E+00 2.89080E-14 1.32834E-10 3.72022E-09 3.65804E-08 3.22234E-07 1.21689E-06 3.34393E-06 5.04012E-06 8.61434E-06 1.45205E-05 1.74584E-05 % Pu242
0.00000E+00 1.38609E-15 6.28500E-12 1.75462E-10 1.74205E-09 1.55511E-08 5.92267E-08 1.58631E-07 2.33458E-07 3.73240E-07 5.60448E-07 6.38668E-07 % Am241
0.00000E+00 1.15942E-17 5.82084E-13 4.10802E-11 8.11822E-10 1.52928E-08 1.01060E-07 4.52859E-07 8.49995E-07 1.97060E-06 4.57539E-06 6.17471E-06 % Am243
0.00000E+00 3.07092E-09 3.12239E-09 3.25068E-09 3.47364E-09 3.90203E-09 4.32697E-09 4.75294E-09 4.97571E-09 5.28188E-09 5.64234E-09 5.83457E-09 % Xe135
0.00000E+00 5.02079E-09 1.93032E-08 2.08518E-08 2.35760E-08 2.89105E-08 3.47026E-08 4.10180E-08 4.45540E-08 4.94033E-08 5.54617E-08 5.87307E-08 % Sm149
0.00000E+00 1.41486E-07 9.89547E-07 2.27043E-06 4.27828E-06 8.64236E-06 1.45116E-05 2.33375E-05 2.91869E-05 4.08370E-05 6.09547E-05 7.22219E-05 % Cs137
0.00000E+00 1.31051E-07 9.02782E-07 2.02298E-06 3.70403E-06 7.19224E-06 1.17187E-05 1.83600E-05 2.27019E-05 3.12633E-05 4.58886E-05 5.40287E-05 % Sr90
0.00000E+00 1.14481E-08 9.32094E-08 2.30580E-07 4.78388E-07 1.11851E-06 2.10719E-06 3.72830E-06 4.84844E-06 7.13214E-06 1.11332E-05 1.33743E-05 % I129
0.00000E+00 2.83650E-09 2.70274E-07 1.13295E-06 2.72474E-06 5.97839E-06 9.83779E-06 1.48420E-05 1.77869E-05 2.28912E-05 3.00265E-05 3.33176E-05 % Nd143
0.00000E+00 7.78449E-08 6.11493E-07 1.39226E-06 2.56229E-06 4.93980E-06 7.90945E-06 1.20700E-05 1.46836E-05 1.96316E-05 2.75443E-05 3.16842E-05 % Nd145
0.00000E+00 2.09558E-13 1.48960E-12 3.41341E-12 6.37032E-12 1.25288E-11 2.04662E-11 3.20572E-11 3.96814E-11 5.48196E-11 8.12272E-11 9.63463E-11 % lost data
6.64602E-02 6.64625E-02 6.64763E-02 6.64971E-02 6.65293E-02 6.65986E-02 6.66911E-02 6.68298E-02 6.69219E-02 6.71065E-02 6.74302E-02 6.76147E-02 % total
];

