ZAI = [
902320
];

NAMES = [
'Th232           '
];

i902320 = 1;
MAT_fuel_VOLUME = [ 1.39419E+02 1.39419E+02 1.39419E+02 1.39419E+02 1.39419E+02 1.39419E+02 1.39419E+02 1.39419E+02 1.39419E+02 1.39419E+02 1.39419E+02 1.39419E+02 1.39419E+02 1.39419E+02 1.39419E+02 1.39419E+02 1.39419E+02 1.39419E+02 1.39419E+02 1.39419E+02 1.39419E+02 1.39419E+02 1.39419E+02 1.39419E+02 1.39419E+02 1.39419E+02 ];

MAT_fuel_BURNUP = [ 0.00000E+00 1.00000E-01 4.00001E-01 7.00002E-01 1.00000E+00 1.30000E+00 1.60001E+00 2.00001E+00 2.50001E+00 3.00001E+00 4.00001E+00 5.00002E+00 6.00002E+00 7.00002E+00 8.00003E+00 1.00000E+01 1.20000E+01 1.40000E+01 1.60001E+01 1.80001E+01 2.00001E+01 2.40001E+01 2.80001E+01 3.40001E+01 4.20002E+01 5.00002E+01 ];

MAT_fuel_ADENS = [
1.55389E-02 1.55381E-02 1.55357E-02 1.55332E-02 1.55308E-02 1.55283E-02 1.55257E-02 1.55224E-02 1.55181E-02 1.55138E-02 1.55051E-02 1.54963E-02 1.54874E-02 1.54784E-02 1.54692E-02 1.54507E-02 1.54318E-02 1.54126E-02 1.53930E-02 1.53730E-02 1.53527E-02 1.53109E-02 1.52676E-02 1.51998E-02 1.51040E-02 1.50024E-02 % Th232
];
