DETth232_cap_2g = [
    1    1    1    1     1     1     1    1    1    1  2.23232E+13 0.00810 
    2    1    1    1     1     2     1    1    1    1  2.17869E+13 0.00811 
    3    1    1    1     1     3     1    1    1    1  2.18492E+13 0.00659 
    4    1    1    1     1     4     1    1    1    1  2.20504E+13 0.01032 
    5    1    1    1     1     5     1    1    1    1  2.25764E+13 0.00645 
    6    1    1    1     1     6     1    1    1    1  2.30460E+13 0.00754 
    7    1    1    1     1     7     1    1    1    1  2.27707E+13 0.00753 
    8    1    1    1     1     8     1    1    1    1  2.27688E+13 0.00652 
    9    1    1    1     1     9     1    1    1    1  2.29007E+13 0.00673 
   10    1    1    1     1    10     1    1    1    1  2.31825E+13 0.00845 
   11    1    1    1     1    11     1    1    1    1  2.31212E+13 0.00802 
   12    1    1    1     1    12     1    1    1    1  2.33374E+13 0.00767 
   13    1    1    1     1    13     1    1    1    1  2.28576E+13 0.00705 
   14    1    1    1     1    14     1    1    1    1  2.23128E+13 0.00747 
   15    1    1    1     1    15     1    1    1    1  2.22387E+13 0.00843 
   16    1    1    1     1    16     1    1    1    1  2.17300E+13 0.00933 
   17    1    1    1     1    17     1    1    1    1  2.22407E+13 0.00801 
   18    1    1    1     1    18     1    1    1    1  2.19081E+13 0.00714 
   19    1    1    1     1    19     1    1    1    1  2.13138E+13 0.00747 
   20    1    1    1     1    20     1    1    1    1  2.15400E+13 0.00818 
   21    1    1    1     1    21     1    1    1    1  2.27691E+13 0.00896 
   22    1    1    1     1    22     1    1    1    1  2.37954E+13 0.00712 
   23    1    1    1     1    23     1    1    1    1  2.59523E+13 0.00829 
   24    1    1    1     1    24     1    1    1    1  2.42849E+13 0.00651 
   25    1    1    1     1    25     1    1    1    1  2.40647E+13 0.00801 
   26    1    1    1     1    26     1    1    1    1  2.60221E+13 0.00690 
   27    1    1    1     1    27     1    1    1    1  2.40431E+13 0.00710 
   28    1    1    1     1    28     1    1    1    1  2.43343E+13 0.00745 
   29    1    1    1     1    29     1    1    1    1  2.57216E+13 0.00739 
   30    1    1    1     1    30     1    1    1    1  2.39740E+13 0.00922 
   31    1    1    1     1    31     1    1    1    1  2.23354E+13 0.00800 
   32    1    1    1     1    32     1    1    1    1  2.16018E+13 0.00768 
   33    1    1    1     1    33     1    1    1    1  2.11625E+13 0.00815 
   34    1    1    1     1    34     1    1    1    1  2.13821E+13 0.00895 
   35    1    1    1     1    35     1    1    1    1  2.18175E+13 0.00813 
   36    1    1    1     1    36     1    1    1    1  2.15808E+13 0.00753 
   37    1    1    1     1    37     1    1    1    1  2.35579E+13 0.00921 
   38    1    1    1     1    38     1    1    1    1  2.63845E+13 0.00823 
   39    1    1    1     1    39     1    1    1    1  2.78091E+13 0.00597 
   40    1    1    1     1    40     1    1    1    1  0.00000E+00 0.00000 
   41    1    1    1     1    41     1    1    1    1  2.66189E+13 0.00703 
   42    1    1    1     1    42     1    1    1    1  2.64728E+13 0.00733 
   43    1    1    1     1    43     1    1    1    1  0.00000E+00 0.00000 
   44    1    1    1     1    44     1    1    1    1  2.64975E+13 0.00747 
   45    1    1    1     1    45     1    1    1    1  2.63829E+13 0.00673 
   46    1    1    1     1    46     1    1    1    1  0.00000E+00 0.00000 
   47    1    1    1     1    47     1    1    1    1  2.78685E+13 0.00558 
   48    1    1    1     1    48     1    1    1    1  2.68005E+13 0.00703 
   49    1    1    1     1    49     1    1    1    1  2.33445E+13 0.00811 
   50    1    1    1     1    50     1    1    1    1  2.16374E+13 0.00899 
   51    1    1    1     1    51     1    1    1    1  2.19952E+13 0.00927 
   52    1    1    1     1    52     1    1    1    1  2.18193E+13 0.00653 
   53    1    1    1     1    53     1    1    1    1  2.24296E+13 0.00809 
   54    1    1    1     1    54     1    1    1    1  2.64237E+13 0.00781 
   55    1    1    1     1    55     1    1    1    1  0.00000E+00 0.00000 
   56    1    1    1     1    56     1    1    1    1  2.83222E+13 0.00691 
   57    1    1    1     1    57     1    1    1    1  2.74357E+13 0.00612 
   58    1    1    1     1    58     1    1    1    1  2.49283E+13 0.00819 
   59    1    1    1     1    59     1    1    1    1  2.45824E+13 0.00804 
   60    1    1    1     1    60     1    1    1    1  2.66565E+13 0.00704 
   61    1    1    1     1    61     1    1    1    1  2.46966E+13 0.00782 
   62    1    1    1     1    62     1    1    1    1  2.49258E+13 0.00753 
   63    1    1    1     1    63     1    1    1    1  2.74227E+13 0.00700 
   64    1    1    1     1    64     1    1    1    1  2.81583E+13 0.00706 
   65    1    1    1     1    65     1    1    1    1  0.00000E+00 0.00000 
   66    1    1    1     1    66     1    1    1    1  2.63318E+13 0.00802 
   67    1    1    1     1    67     1    1    1    1  2.26057E+13 0.00787 
   68    1    1    1     1    68     1    1    1    1  2.22685E+13 0.00720 
   69    1    1    1     1    69     1    1    1    1  2.23024E+13 0.00761 
   70    1    1    1     1    70     1    1    1    1  2.39172E+13 0.00798 
   71    1    1    1     1    71     1    1    1    1  2.78985E+13 0.00743 
   72    1    1    1     1    72     1    1    1    1  2.83754E+13 0.00596 
   73    1    1    1     1    73     1    1    1    1  2.68924E+13 0.00826 
   74    1    1    1     1    74     1    1    1    1  2.75190E+13 0.00572 
   75    1    1    1     1    75     1    1    1    1  2.48357E+13 0.00830 
   76    1    1    1     1    76     1    1    1    1  2.53956E+13 0.00728 
   77    1    1    1     1    77     1    1    1    1  2.70213E+13 0.00791 
   78    1    1    1     1    78     1    1    1    1  2.46804E+13 0.00837 
   79    1    1    1     1    79     1    1    1    1  2.47313E+13 0.00707 
   80    1    1    1     1    80     1    1    1    1  2.74213E+13 0.00603 
   81    1    1    1     1    81     1    1    1    1  2.66378E+13 0.00735 
   82    1    1    1     1    82     1    1    1    1  2.83125E+13 0.00783 
   83    1    1    1     1    83     1    1    1    1  2.75301E+13 0.00777 
   84    1    1    1     1    84     1    1    1    1  2.37050E+13 0.00681 
   85    1    1    1     1    85     1    1    1    1  2.27912E+13 0.00710 
   86    1    1    1     1    86     1    1    1    1  2.33373E+13 0.00759 
   87    1    1    1     1    87     1    1    1    1  2.61718E+13 0.00845 
   88    1    1    1     1    88     1    1    1    1  0.00000E+00 0.00000 
   89    1    1    1     1    89     1    1    1    1  2.76642E+13 0.00719 
   90    1    1    1     1    90     1    1    1    1  2.73176E+13 0.00702 
   91    1    1    1     1    91     1    1    1    1  0.00000E+00 0.00000 
   92    1    1    1     1    92     1    1    1    1  2.70280E+13 0.00777 
   93    1    1    1     1    93     1    1    1    1  2.65436E+13 0.00701 
   94    1    1    1     1    94     1    1    1    1  0.00000E+00 0.00000 
   95    1    1    1     1    95     1    1    1    1  2.67115E+13 0.00692 
   96    1    1    1     1    96     1    1    1    1  2.69968E+13 0.00644 
   97    1    1    1     1    97     1    1    1    1  0.00000E+00 0.00000 
   98    1    1    1     1    98     1    1    1    1  2.73991E+13 0.00705 
   99    1    1    1     1    99     1    1    1    1  2.76198E+13 0.00657 
  100    1    1    1     1   100     1    1    1    1  0.00000E+00 0.00000 
  101    1    1    1     1   101     1    1    1    1  2.59601E+13 0.00773 
  102    1    1    1     1   102     1    1    1    1  2.30434E+13 0.00674 
  103    1    1    1     1   103     1    1    1    1  2.30689E+13 0.00906 
  104    1    1    1     1   104     1    1    1    1  2.39605E+13 0.00767 
  105    1    1    1     1   105     1    1    1    1  2.66724E+13 0.00678 
