
ZAI = [
902320
902330
912330
912340
922330
922340
922350
922360
922370
922380
932370
932390
942380
942390
942400
942410
942420
952410
952430
541350
621490
551370
380900
531290
601430
601450
666
0
];

NAMES = [
'Th232           '
'Th233           '
'Pa233           '
'Pa234           '
'U233            '
'U234            '
'U235            '
'U236            '
'U237            '
'U238            '
'Np237           '
'Np239           '
'Pu238           '
'Pu239           '
'Pu240           '
'Pu241           '
'Pu242           '
'Am241           '
'Am243           '
'Xe135           '
'Sm149           '
'Cs137           '
'Sr90            '
'I129            '
'Nd143           '
'Nd145           '
'lost            '
'total           '
];

i902320 = 1; iTh232            = 1;
i902330 = 2; iTh233            = 2;
i912330 = 3; iPa233            = 3;
i912340 = 4; iPa234            = 4;
i922330 = 5; iU233             = 5;
i922340 = 6; iU234             = 6;
i922350 = 7; iU235             = 7;
i922360 = 8; iU236             = 8;
i922370 = 9; iU237             = 9;
i922380 = 10; iU238             = 10;
i932370 = 11; iNp237            = 11;
i932390 = 12; iNp239            = 12;
i942380 = 13; iPu238            = 13;
i942390 = 14; iPu239            = 14;
i942400 = 15; iPu240            = 15;
i942410 = 16; iPu241            = 16;
i942420 = 17; iPu242            = 17;
i952410 = 18; iAm241            = 18;
i952430 = 19; iAm243            = 19;
i541350 = 20; iXe135            = 20;
i621490 = 21; iSm149            = 21;
i551370 = 22; iCs137            = 22;
i380900 = 23; iSr90             = 23;
i531290 = 24; iI129             = 24;
i601430 = 25; iNd143            = 25;
i601450 = 26; iNd145            = 26;
iLOST    = 27;
iTOT     = 28;

MAT_fuel_VOLUME = [ 1.39419E+02 1.39419E+02 1.39419E+02 1.39419E+02 1.39419E+02 1.39419E+02 1.39419E+02 1.39419E+02 1.39419E+02 1.39419E+02 1.39419E+02 1.39419E+02 ];

MAT_fuel_BURNUP = [ 0.00000E+00 1.00000E-01 7.00003E-01 1.60001E+00 3.00001E+00 6.00003E+00 1.00000E+01 1.60001E+01 2.00001E+01 2.80001E+01 4.20002E+01 5.00002E+01 ];

MAT_fuel_ADENS = [
1.32920E-02 1.32897E-02 1.32758E-02 1.32551E-02 1.32241E-02 1.31620E-02 1.30858E-02 1.29795E-02 1.29120E-02 1.27817E-02 1.25634E-02 1.24422E-02 % Th232
0.00000E+00 1.89248E-08 1.90071E-08 1.87417E-08 1.80427E-08 1.68121E-08 1.54429E-08 1.43248E-08 1.36589E-08 1.31301E-08 1.25197E-08 1.21946E-08 % Th233
0.00000E+00 2.18114E-06 1.26188E-05 2.17184E-05 2.74295E-05 2.86286E-05 2.66396E-05 2.46722E-05 2.35895E-05 2.26385E-05 2.16045E-05 2.10581E-05 % Pa233
0.00000E+00 4.12645E-10 2.79196E-09 4.80923E-09 5.93214E-09 5.89602E-09 5.16436E-09 4.53204E-09 4.17686E-09 3.89976E-09 3.60511E-09 3.43924E-09 % Pa234
0.00000E+00 7.37331E-08 3.14482E-06 1.31629E-05 3.36782E-05 7.60462E-05 1.18241E-04 1.59488E-04 1.78701E-04 2.04549E-04 2.29600E-04 2.38414E-04 % U233
0.00000E+00 2.95787E-09 1.48363E-07 6.83440E-07 1.97806E-06 5.58834E-06 1.09718E-05 1.92233E-05 2.46085E-05 3.48596E-05 5.08259E-05 5.88216E-05 % U234
2.65841E-04 2.63224E-04 2.48130E-04 2.27617E-04 2.00550E-04 1.57186E-04 1.18522E-04 8.23250E-05 6.65757E-05 4.64584E-05 3.05027E-05 2.68203E-05 % U235
0.00000E+00 4.42445E-07 2.99433E-06 6.44961E-06 1.09841E-05 1.81570E-05 2.43734E-05 2.98760E-05 3.20841E-05 3.45737E-05 3.58745E-05 3.58759E-05 % U236
0.00000E+00 3.81065E-09 1.93828E-08 3.42142E-08 5.10512E-08 7.46088E-08 9.12267E-08 1.03500E-07 1.06427E-07 1.10569E-07 1.11021E-07 1.08797E-07 % U237
8.59552E-03 8.59418E-03 8.58596E-03 8.57365E-03 8.55483E-03 8.51593E-03 8.46639E-03 8.39494E-03 8.34845E-03 8.25709E-03 8.10029E-03 8.01179E-03 % U238
0.00000E+00 5.27793E-10 2.04191E-08 8.45048E-08 2.36645E-07 6.88473E-07 1.41048E-06 2.53380E-06 3.24923E-06 4.52334E-06 6.23058E-06 6.93613E-06 % Np237
0.00000E+00 8.67500E-07 1.63355E-06 1.63746E-06 1.60742E-06 1.54439E-06 1.47081E-06 1.40935E-06 1.37548E-06 1.34638E-06 1.31314E-06 1.30100E-06 % Np239
0.00000E+00 1.83817E-13 1.56900E-10 1.85500E-09 1.03082E-08 5.91581E-08 1.94057E-07 5.35969E-07 8.43924E-07 1.60319E-06 3.18300E-06 4.12056E-06 % Pu238
0.00000E+00 3.71349E-07 6.64637E-06 1.52508E-05 2.51553E-05 3.81497E-05 4.76974E-05 5.55669E-05 5.92067E-05 6.40414E-05 6.92390E-05 7.20497E-05 % Pu239
0.00000E+00 2.44074E-09 2.14855E-07 1.07576E-06 3.01692E-06 7.48718E-06 1.24727E-05 1.78724E-05 2.04884E-05 2.42690E-05 2.82267E-05 2.95962E-05 % Pu240
0.00000E+00 2.14330E-11 1.34325E-08 1.54227E-07 7.64958E-07 3.18319E-06 6.97068E-06 1.19219E-05 1.44534E-05 1.83644E-05 2.26259E-05 2.41201E-05 % Pu241
0.00000E+00 3.61944E-14 1.61540E-10 4.40876E-09 4.20420E-08 3.54062E-07 1.28985E-06 3.44332E-06 5.12894E-06 8.64429E-06 1.44247E-05 1.72951E-05 % Pu242
0.00000E+00 1.72679E-15 7.63139E-12 2.09183E-10 2.03666E-09 1.77068E-08 6.65130E-08 1.77922E-07 2.63371E-07 4.28205E-07 6.65099E-07 7.72700E-07 % Am241
0.00000E+00 1.62634E-17 7.92016E-13 5.44570E-11 1.04353E-09 1.87038E-08 1.18660E-07 5.10721E-07 9.41933E-07 2.13071E-06 4.81466E-06 6.44576E-06 % Am243
0.00000E+00 3.14638E-09 3.22196E-09 3.38890E-09 3.66992E-09 4.20457E-09 4.74728E-09 5.30874E-09 5.61219E-09 6.03896E-09 6.56269E-09 6.84198E-09 % Xe135
0.00000E+00 5.06811E-09 1.98803E-08 2.17681E-08 2.50535E-08 3.14839E-08 3.86282E-08 4.66177E-08 5.12676E-08 5.77064E-08 6.61722E-08 7.09162E-08 % Sm149
0.00000E+00 1.41437E-07 9.89064E-07 2.27028E-06 4.27960E-06 8.64983E-06 1.45234E-05 2.33513E-05 2.91952E-05 4.08353E-05 6.09360E-05 7.21842E-05 % Cs137
0.00000E+00 1.30864E-07 9.00101E-07 2.01389E-06 3.68164E-06 7.13856E-06 1.16190E-05 1.81880E-05 2.24774E-05 3.09336E-05 4.53735E-05 5.34024E-05 % Sr90
0.00000E+00 1.15015E-08 9.38878E-08 2.33195E-07 4.85307E-07 1.13558E-06 2.13398E-06 3.76268E-06 4.88438E-06 7.17035E-06 1.11822E-05 1.34345E-05 % I129
0.00000E+00 2.83353E-09 2.69666E-07 1.13043E-06 2.71988E-06 5.98310E-06 9.89644E-06 1.50527E-05 1.81401E-05 2.35978E-05 3.15242E-05 3.53228E-05 % Nd143
0.00000E+00 7.78321E-08 6.10777E-07 1.38952E-06 2.55480E-06 4.92149E-06 7.87663E-06 1.20195E-05 1.46213E-05 1.95523E-05 2.74498E-05 3.15820E-05 % Nd145
0.00000E+00 2.27406E-13 1.61712E-12 3.70563E-12 6.91440E-12 1.35940E-11 2.21993E-11 3.47654E-11 4.30251E-11 5.94072E-11 8.79519E-11 1.04277E-10 % lost data
6.64602E-02 6.64625E-02 6.64763E-02 6.64971E-02 6.65293E-02 6.65987E-02 6.66913E-02 6.68301E-02 6.69222E-02 6.71069E-02 6.74309E-02 6.76154E-02 % total
];

