
ZAI = [
902320
902330
912330
912340
922330
922340
922350
922360
922370
922380
932370
932390
942380
942390
942400
942410
942420
952410
952430
541350
621490
551370
380900
531290
601430
601450
666
0
];

NAMES = [
'Th232           '
'Th233           '
'Pa233           '
'Pa234           '
'U233            '
'U234            '
'U235            '
'U236            '
'U237            '
'U238            '
'Np237           '
'Np239           '
'Pu238           '
'Pu239           '
'Pu240           '
'Pu241           '
'Pu242           '
'Am241           '
'Am243           '
'Xe135           '
'Sm149           '
'Cs137           '
'Sr90            '
'I129            '
'Nd143           '
'Nd145           '
'lost            '
'total           '
];

i902320 = 1; iTh232            = 1;
i902330 = 2; iTh233            = 2;
i912330 = 3; iPa233            = 3;
i912340 = 4; iPa234            = 4;
i922330 = 5; iU233             = 5;
i922340 = 6; iU234             = 6;
i922350 = 7; iU235             = 7;
i922360 = 8; iU236             = 8;
i922370 = 9; iU237             = 9;
i922380 = 10; iU238             = 10;
i932370 = 11; iNp237            = 11;
i932390 = 12; iNp239            = 12;
i942380 = 13; iPu238            = 13;
i942390 = 14; iPu239            = 14;
i942400 = 15; iPu240            = 15;
i942410 = 16; iPu241            = 16;
i942420 = 17; iPu242            = 17;
i952410 = 18; iAm241            = 18;
i952430 = 19; iAm243            = 19;
i541350 = 20; iXe135            = 20;
i621490 = 21; iSm149            = 21;
i551370 = 22; iCs137            = 22;
i380900 = 23; iSr90             = 23;
i531290 = 24; iI129             = 24;
i601430 = 25; iNd143            = 25;
i601450 = 26; iNd145            = 26;
iLOST    = 27;
iTOT     = 28;

MAT_fuel_VOLUME = [ 1.39419E+02 1.39419E+02 1.39419E+02 1.39419E+02 1.39419E+02 1.39419E+02 1.39419E+02 1.39419E+02 1.39419E+02 1.39419E+02 1.39419E+02 1.39419E+02 ];

MAT_fuel_BURNUP = [ 0.00000E+00 1.00000E-01 7.00003E-01 1.60001E+00 3.00001E+00 6.00003E+00 1.00000E+01 1.60001E+01 2.00001E+01 2.80001E+01 4.20002E+01 5.00002E+01 ];

MAT_fuel_ADENS = [
1.32920E-02 1.32899E-02 1.32767E-02 1.32571E-02 1.32275E-02 1.31674E-02 1.30928E-02 1.29876E-02 1.29203E-02 1.27898E-02 1.25696E-02 1.24470E-02 % Th232
0.00000E+00 1.77930E-08 1.79141E-08 1.77811E-08 1.72790E-08 1.63007E-08 1.51676E-08 1.42173E-08 1.36537E-08 1.31965E-08 1.26643E-08 1.23852E-08 % Th233
0.00000E+00 2.05110E-06 1.19054E-05 2.06147E-05 2.62788E-05 2.78302E-05 2.62463E-05 2.45682E-05 2.36441E-05 2.28169E-05 2.19079E-05 2.14335E-05 % Pa233
0.00000E+00 3.34202E-10 2.27249E-09 3.96010E-09 4.96602E-09 5.06025E-09 4.54235E-09 4.07213E-09 3.80916E-09 3.60206E-09 3.38311E-09 3.26715E-09 % Pa234
0.00000E+00 6.93379E-08 2.96623E-06 1.24633E-05 3.20526E-05 7.28617E-05 1.13485E-04 1.52455E-04 1.69974E-04 1.92437E-04 2.11910E-04 2.17854E-04 % U233
0.00000E+00 2.40207E-09 1.21416E-07 5.68201E-07 1.68103E-06 4.92211E-06 9.96612E-06 1.79420E-05 2.32263E-05 3.33441E-05 4.90378E-05 5.67908E-05 % U234
2.65841E-04 2.63215E-04 2.47996E-04 2.27096E-04 1.99144E-04 1.53686E-04 1.12811E-04 7.48103E-05 5.85900E-05 3.85181E-05 2.37903E-05 2.08475E-05 % U235
0.00000E+00 4.32845E-07 2.94036E-06 6.36926E-06 1.09265E-05 1.82375E-05 2.46254E-05 3.02422E-05 3.24565E-05 3.48668E-05 3.59905E-05 3.59297E-05 % U236
0.00000E+00 3.32521E-09 1.66454E-08 2.90988E-08 4.35761E-08 6.45144E-08 7.98841E-08 9.16871E-08 9.46811E-08 9.88906E-08 9.95374E-08 9.80792E-08 % U237
8.59552E-03 8.59433E-03 8.58707E-03 8.57615E-03 8.55936E-03 8.52442E-03 8.47960E-03 8.41453E-03 8.37199E-03 8.28805E-03 8.14328E-03 8.06127E-03 % U238
0.00000E+00 4.61121E-10 1.76560E-08 7.24855E-08 2.02823E-07 5.95311E-07 1.23250E-06 2.23919E-06 2.88296E-06 4.03589E-06 5.56985E-06 6.19736E-06 % Np237
0.00000E+00 7.68544E-07 1.44877E-06 1.45764E-06 1.43859E-06 1.39240E-06 1.33616E-06 1.28916E-06 1.26407E-06 1.24277E-06 1.21871E-06 1.21162E-06 % Np239
0.00000E+00 1.46446E-13 1.24820E-10 1.47181E-09 8.19774E-09 4.76083E-08 1.58262E-07 4.42195E-07 6.98781E-07 1.32806E-06 2.60317E-06 3.33122E-06 % Pu238
0.00000E+00 3.29066E-07 5.90374E-06 1.35819E-05 2.24105E-05 3.37347E-05 4.14938E-05 4.72339E-05 4.96437E-05 5.25809E-05 5.54348E-05 5.70185E-05 % Pu239
0.00000E+00 2.03327E-09 1.85394E-07 9.51922E-07 2.74549E-06 7.03640E-06 1.19044E-05 1.70904E-05 1.95123E-05 2.28101E-05 2.58578E-05 2.67993E-05 % Pu240
0.00000E+00 1.52681E-11 9.94736E-09 1.17647E-07 6.03856E-07 2.62559E-06 5.89345E-06 1.01176E-05 1.22020E-05 1.52456E-05 1.82017E-05 1.91203E-05 % Pu241
0.00000E+00 2.54956E-14 1.19012E-10 3.37547E-09 3.37486E-08 3.04613E-07 1.17336E-06 3.27624E-06 4.96874E-06 8.55758E-06 1.45177E-05 1.74812E-05 % Pu242
0.00000E+00 1.22608E-15 5.63765E-12 1.58759E-10 1.59328E-09 1.44328E-08 5.54139E-08 1.48591E-07 2.18033E-07 3.45596E-07 5.09946E-07 5.75370E-07 % Am241
0.00000E+00 9.57444E-18 4.89219E-13 3.50081E-11 7.03568E-10 1.35785E-08 9.18234E-08 4.20953E-07 7.98588E-07 1.87729E-06 4.41698E-06 5.99223E-06 % Am243
0.00000E+00 3.03263E-09 3.07219E-09 3.18134E-09 3.37628E-09 3.75259E-09 4.12190E-09 4.48464E-09 4.67143E-09 4.92416E-09 5.21579E-09 5.37145E-09 % Xe135
0.00000E+00 4.99622E-09 1.90126E-08 2.03921E-08 2.28442E-08 2.76476E-08 3.28053E-08 3.83658E-08 4.13930E-08 4.55584E-08 5.06414E-08 5.33049E-08 % Sm149
0.00000E+00 1.41512E-07 9.89800E-07 2.27054E-06 4.27766E-06 8.63848E-06 1.45051E-05 2.33315E-05 2.91841E-05 4.08411E-05 6.09719E-05 7.22497E-05 % Cs137
0.00000E+00 1.31149E-07 9.04187E-07 2.02781E-06 3.71611E-06 7.22181E-06 1.17745E-05 1.84596E-05 2.28331E-05 3.14590E-05 4.62008E-05 5.44095E-05 % Sr90
0.00000E+00 1.14201E-08 9.28537E-08 2.29204E-07 4.74718E-07 1.10937E-06 2.09287E-06 3.71052E-06 4.83025E-06 7.11370E-06 1.11102E-05 1.33450E-05 % I129
0.00000E+00 2.83806E-09 2.70592E-07 1.13429E-06 2.72736E-06 5.97588E-06 9.80538E-06 1.47254E-05 1.75916E-05 2.25018E-05 2.92131E-05 3.22385E-05 % Nd143
0.00000E+00 7.78517E-08 6.11868E-07 1.39372E-06 2.56629E-06 4.94966E-06 7.92689E-06 1.20966E-05 1.47159E-05 1.96718E-05 2.75923E-05 3.17366E-05 % Nd145
0.00000E+00 2.00116E-13 1.42223E-12 3.25811E-12 6.08106E-12 1.19614E-11 1.95402E-11 3.06131E-11 3.78964E-11 5.23591E-11 7.75942E-11 9.20537E-11 % lost data
6.64602E-02 6.64625E-02 6.64763E-02 6.64970E-02 6.65293E-02 6.65986E-02 6.66910E-02 6.68296E-02 6.69218E-02 6.71063E-02 6.74299E-02 6.76144E-02 % total
];

