
DET1 = [
    1    1    1    1     1     1     1    1    1    1  1.84930E+12 0.00883 
    2    2    1    1     1     1     1    1    1    1  3.01448E+12 0.00674 
    3    3    1    1     1     1     1    1    1    1  5.13936E+12 0.00604 
    4    4    1    1     1     1     1    1    1    1  1.62727E+13 0.00335 
    5    5    1    1     1     1     1    1    1    1  2.30177E+13 0.00321 
    6    6    1    1     1     1     1    1    1    1  5.18961E+13 0.00190 
    7    7    1    1     1     1     1    1    1    1  8.83716E+13 0.00175 
    8    8    1    1     1     1     1    1    1    1  1.73788E+14 0.00129 
    9    9    1    1     1     1     1    1    1    1  3.07268E+14 0.00101 
   10   10    1    1     1     1     1    1    1    1  5.41743E+14 0.00086 
   11   11    1    1     1     1     1    1    1    1  8.87829E+14 0.00074 
   12   12    1    1     1     1     1    1    1    1  1.36765E+15 0.00055 
   13   13    1    1     1     1     1    1    1    1  1.91520E+15 0.00054 
   14   14    1    1     1     1     1    1    1    1  2.36688E+15 0.00048 
   15   15    1    1     1     1     1    1    1    1  2.47202E+15 0.00047 
   16   16    1    1     1     1     1    1    1    1  2.15382E+15 0.00054 
   17   17    1    1     1     1     1    1    1    1  1.63007E+15 0.00050 
   18   18    1    1     1     1     1    1    1    1  2.01034E+15 0.00048 
   19   19    1    1     1     1     1    1    1    1  2.75118E+15 0.00046 
   20   20    1    1     1     1     1    1    1    1  2.75158E+15 0.00047 
   21   21    1    1     1     1     1    1    1    1  1.91246E+15 0.00050 
   22   22    1    1     1     1     1    1    1    1  3.38855E+15 0.00047 
   23   23    1    1     1     1     1    1    1    1  3.58498E+15 0.00046 
   24   24    1    1     1     1     1    1    1    1  3.36511E+15 0.00050 
   25   25    1    1     1     1     1    1    1    1  3.56332E+15 0.00046 
   26   26    1    1     1     1     1    1    1    1  3.13461E+15 0.00050 
   27   27    1    1     1     1     1    1    1    1  3.41870E+15 0.00049 
   28   28    1    1     1     1     1    1    1    1  3.75720E+15 0.00042 
   29   29    1    1     1     1     1    1    1    1  3.81043E+15 0.00046 
   30   30    1    1     1     1     1    1    1    1  3.82666E+15 0.00044 
   31   31    1    1     1     1     1    1    1    1  4.28601E+15 0.00047 
   32   32    1    1     1     1     1    1    1    1  4.16724E+15 0.00045 
   33   33    1    1     1     1     1    1    1    1  4.37143E+15 0.00043 
   34   34    1    1     1     1     1    1    1    1  4.57145E+15 0.00042 
   35   35    1    1     1     1     1    1    1    1  4.67575E+15 0.00043 
   36   36    1    1     1     1     1    1    1    1  4.87056E+15 0.00043 
   37   37    1    1     1     1     1    1    1    1  4.92610E+15 0.00040 
   38   38    1    1     1     1     1    1    1    1  5.08151E+15 0.00045 
   39   39    1    1     1     1     1    1    1    1  5.15068E+15 0.00041 
   40   40    1    1     1     1     1    1    1    1  5.23335E+15 0.00041 
   41   41    1    1     1     1     1    1    1    1  5.31135E+15 0.00041 
   42   42    1    1     1     1     1    1    1    1  5.44490E+15 0.00044 
   43   43    1    1     1     1     1    1    1    1  5.41315E+15 0.00040 
   44   44    1    1     1     1     1    1    1    1  5.51693E+15 0.00038 
   45   45    1    1     1     1     1    1    1    1  5.60251E+15 0.00038 
   46   46    1    1     1     1     1    1    1    1  5.70741E+15 0.00041 
   47   47    1    1     1     1     1    1    1    1  5.80940E+15 0.00041 
   48   48    1    1     1     1     1    1    1    1  5.94158E+15 0.00040 
   49   49    1    1     1     1     1    1    1    1  6.11918E+15 0.00039 
   50   50    1    1     1     1     1    1    1    1  6.36631E+15 0.00042 
   51   51    1    1     1     1     1    1    1    1  6.64771E+15 0.00035 
   52   52    1    1     1     1     1    1    1    1  7.08788E+15 0.00039 
   53   53    1    1     1     1     1    1    1    1  7.65866E+15 0.00036 
   54   54    1    1     1     1     1    1    1    1  8.45127E+15 0.00037 
   55   55    1    1     1     1     1    1    1    1  9.49254E+15 0.00037 
   56   56    1    1     1     1     1    1    1    1  1.09784E+16 0.00034 
   57   57    1    1     1     1     1    1    1    1  1.29933E+16 0.00033 
   58   58    1    1     1     1     1    1    1    1  1.61464E+16 0.00032 
   59   59    1    1     1     1     1    1    1    1  1.48976E+16 0.00035 
   60   60    1    1     1     1     1    1    1    1  2.15568E+16 0.00031 
   61   61    1    1     1     1     1    1    1    1  2.52291E+16 0.00029 
   62   62    1    1     1     1     1    1    1    1  2.09729E+16 0.00033 
   63   63    1    1     1     1     1    1    1    1  2.39051E+16 0.00032 
   64   64    1    1     1     1     1    1    1    1  2.46443E+16 0.00036 
   65   65    1    1     1     1     1    1    1    1  2.02127E+16 0.00038 
   66   66    1    1     1     1     1    1    1    1  1.29226E+16 0.00052 
   67   67    1    1     1     1     1    1    1    1  6.44151E+15 0.00084 
   68   68    1    1     1     1     1    1    1    1  1.67944E+15 0.00177 
   69   69    1    1     1     1     1    1    1    1  2.36595E+14 0.00460 
   70   70    1    1     1     1     1    1    1    1  1.31921E+13 0.02129 
];


