
DET1 = [
    1    1    1    1     1     1     1    1    1    1  1.99064E+12 0.00861 
    2    2    1    1     1     1     1    1    1    1  3.17863E+12 0.00869 
    3    3    1    1     1     1     1    1    1    1  5.45049E+12 0.00552 
    4    4    1    1     1     1     1    1    1    1  1.71410E+13 0.00283 
    5    5    1    1     1     1     1    1    1    1  2.42777E+13 0.00303 
    6    6    1    1     1     1     1    1    1    1  5.50438E+13 0.00214 
    7    7    1    1     1     1     1    1    1    1  9.35414E+13 0.00162 
    8    8    1    1     1     1     1    1    1    1  1.84344E+14 0.00127 
    9    9    1    1     1     1     1    1    1    1  3.25388E+14 0.00106 
   10   10    1    1     1     1     1    1    1    1  5.74071E+14 0.00084 
   11   11    1    1     1     1     1    1    1    1  9.41776E+14 0.00077 
   12   12    1    1     1     1     1    1    1    1  1.44897E+15 0.00060 
   13   13    1    1     1     1     1    1    1    1  2.02619E+15 0.00051 
   14   14    1    1     1     1     1    1    1    1  2.50099E+15 0.00051 
   15   15    1    1     1     1     1    1    1    1  2.62168E+15 0.00047 
   16   16    1    1     1     1     1    1    1    1  2.29013E+15 0.00045 
   17   17    1    1     1     1     1    1    1    1  1.72580E+15 0.00061 
   18   18    1    1     1     1     1    1    1    1  2.12354E+15 0.00050 
   19   19    1    1     1     1     1    1    1    1  2.85749E+15 0.00050 
   20   20    1    1     1     1     1    1    1    1  2.83483E+15 0.00048 
   21   21    1    1     1     1     1    1    1    1  1.96147E+15 0.00055 
   22   22    1    1     1     1     1    1    1    1  3.44919E+15 0.00045 
   23   23    1    1     1     1     1    1    1    1  3.70817E+15 0.00050 
   24   24    1    1     1     1     1    1    1    1  3.48225E+15 0.00051 
   25   25    1    1     1     1     1    1    1    1  3.67672E+15 0.00048 
   26   26    1    1     1     1     1    1    1    1  3.19267E+15 0.00044 
   27   27    1    1     1     1     1    1    1    1  3.55619E+15 0.00042 
   28   28    1    1     1     1     1    1    1    1  3.94198E+15 0.00041 
   29   29    1    1     1     1     1    1    1    1  3.97201E+15 0.00046 
   30   30    1    1     1     1     1    1    1    1  3.99475E+15 0.00049 
   31   31    1    1     1     1     1    1    1    1  4.46775E+15 0.00041 
   32   32    1    1     1     1     1    1    1    1  4.35826E+15 0.00041 
   33   33    1    1     1     1     1    1    1    1  4.57947E+15 0.00042 
   34   34    1    1     1     1     1    1    1    1  4.78036E+15 0.00039 
   35   35    1    1     1     1     1    1    1    1  4.88569E+15 0.00045 
   36   36    1    1     1     1     1    1    1    1  5.08741E+15 0.00042 
   37   37    1    1     1     1     1    1    1    1  5.14545E+15 0.00040 
   38   38    1    1     1     1     1    1    1    1  5.30611E+15 0.00040 
   39   39    1    1     1     1     1    1    1    1  5.37720E+15 0.00043 
   40   40    1    1     1     1     1    1    1    1  5.46360E+15 0.00042 
   41   41    1    1     1     1     1    1    1    1  5.54728E+15 0.00040 
   42   42    1    1     1     1     1    1    1    1  5.68859E+15 0.00042 
   43   43    1    1     1     1     1    1    1    1  5.65443E+15 0.00047 
   44   44    1    1     1     1     1    1    1    1  5.76148E+15 0.00044 
   45   45    1    1     1     1     1    1    1    1  5.84665E+15 0.00041 
   46   46    1    1     1     1     1    1    1    1  5.96124E+15 0.00041 
   47   47    1    1     1     1     1    1    1    1  6.06471E+15 0.00039 
   48   48    1    1     1     1     1    1    1    1  6.20466E+15 0.00041 
   49   49    1    1     1     1     1    1    1    1  6.38705E+15 0.00039 
   50   50    1    1     1     1     1    1    1    1  6.64571E+15 0.00041 
   51   51    1    1     1     1     1    1    1    1  6.93982E+15 0.00038 
   52   52    1    1     1     1     1    1    1    1  7.40241E+15 0.00036 
   53   53    1    1     1     1     1    1    1    1  8.00007E+15 0.00035 
   54   54    1    1     1     1     1    1    1    1  8.82494E+15 0.00038 
   55   55    1    1     1     1     1    1    1    1  9.91400E+15 0.00033 
   56   56    1    1     1     1     1    1    1    1  1.14550E+16 0.00033 
   57   57    1    1     1     1     1    1    1    1  1.35661E+16 0.00030 
   58   58    1    1     1     1     1    1    1    1  1.68546E+16 0.00032 
   59   59    1    1     1     1     1    1    1    1  1.55371E+16 0.00033 
   60   60    1    1     1     1     1    1    1    1  2.24943E+16 0.00031 
   61   61    1    1     1     1     1    1    1    1  2.63063E+16 0.00031 
   62   62    1    1     1     1     1    1    1    1  2.18957E+16 0.00032 
   63   63    1    1     1     1     1    1    1    1  2.48993E+16 0.00032 
   64   64    1    1     1     1     1    1    1    1  2.56408E+16 0.00035 
   65   65    1    1     1     1     1    1    1    1  2.10284E+16 0.00043 
   66   66    1    1     1     1     1    1    1    1  1.34421E+16 0.00055 
   67   67    1    1     1     1     1    1    1    1  6.69036E+15 0.00084 
   68   68    1    1     1     1     1    1    1    1  1.75617E+15 0.00166 
   69   69    1    1     1     1     1    1    1    1  2.47685E+14 0.00448 
   70   70    1    1     1     1     1    1    1    1  1.38131E+13 0.02207 
];


