
DET1 = [
    1    1    1    1     1     1     1    1    1    1  1.97708E+12 0.00841 
    2    2    1    1     1     1     1    1    1    1  3.14870E+12 0.00704 
    3    3    1    1     1     1     1    1    1    1  5.45145E+12 0.00502 
    4    4    1    1     1     1     1    1    1    1  1.69802E+13 0.00322 
    5    5    1    1     1     1     1    1    1    1  2.40913E+13 0.00279 
    6    6    1    1     1     1     1    1    1    1  5.45436E+13 0.00203 
    7    7    1    1     1     1     1    1    1    1  9.28740E+13 0.00168 
    8    8    1    1     1     1     1    1    1    1  1.82510E+14 0.00139 
    9    9    1    1     1     1     1    1    1    1  3.23202E+14 0.00110 
   10   10    1    1     1     1     1    1    1    1  5.68878E+14 0.00091 
   11   11    1    1     1     1     1    1    1    1  9.35602E+14 0.00065 
   12   12    1    1     1     1     1    1    1    1  1.43604E+15 0.00059 
   13   13    1    1     1     1     1    1    1    1  2.00624E+15 0.00049 
   14   14    1    1     1     1     1    1    1    1  2.47878E+15 0.00050 
   15   15    1    1     1     1     1    1    1    1  2.59785E+15 0.00047 
   16   16    1    1     1     1     1    1    1    1  2.26835E+15 0.00044 
   17   17    1    1     1     1     1    1    1    1  1.71270E+15 0.00053 
   18   18    1    1     1     1     1    1    1    1  2.10947E+15 0.00046 
   19   19    1    1     1     1     1    1    1    1  2.84280E+15 0.00052 
   20   20    1    1     1     1     1    1    1    1  2.82548E+15 0.00049 
   21   21    1    1     1     1     1    1    1    1  1.95689E+15 0.00047 
   22   22    1    1     1     1     1    1    1    1  3.44328E+15 0.00048 
   23   23    1    1     1     1     1    1    1    1  3.69484E+15 0.00054 
   24   24    1    1     1     1     1    1    1    1  3.46670E+15 0.00051 
   25   25    1    1     1     1     1    1    1    1  3.66157E+15 0.00046 
   26   26    1    1     1     1     1    1    1    1  3.18728E+15 0.00044 
   27   27    1    1     1     1     1    1    1    1  3.54092E+15 0.00044 
   28   28    1    1     1     1     1    1    1    1  3.91592E+15 0.00044 
   29   29    1    1     1     1     1    1    1    1  3.95234E+15 0.00042 
   30   30    1    1     1     1     1    1    1    1  3.97626E+15 0.00041 
   31   31    1    1     1     1     1    1    1    1  4.44400E+15 0.00042 
   32   32    1    1     1     1     1    1    1    1  4.33587E+15 0.00042 
   33   33    1    1     1     1     1    1    1    1  4.55782E+15 0.00044 
   34   34    1    1     1     1     1    1    1    1  4.75777E+15 0.00040 
   35   35    1    1     1     1     1    1    1    1  4.85882E+15 0.00042 
   36   36    1    1     1     1     1    1    1    1  5.05689E+15 0.00041 
   37   37    1    1     1     1     1    1    1    1  5.11803E+15 0.00038 
   38   38    1    1     1     1     1    1    1    1  5.27611E+15 0.00041 
   39   39    1    1     1     1     1    1    1    1  5.34906E+15 0.00042 
   40   40    1    1     1     1     1    1    1    1  5.43893E+15 0.00043 
   41   41    1    1     1     1     1    1    1    1  5.51930E+15 0.00043 
   42   42    1    1     1     1     1    1    1    1  5.65917E+15 0.00038 
   43   43    1    1     1     1     1    1    1    1  5.62800E+15 0.00039 
   44   44    1    1     1     1     1    1    1    1  5.73347E+15 0.00040 
   45   45    1    1     1     1     1    1    1    1  5.81953E+15 0.00040 
   46   46    1    1     1     1     1    1    1    1  5.92807E+15 0.00042 
   47   47    1    1     1     1     1    1    1    1  6.03883E+15 0.00041 
   48   48    1    1     1     1     1    1    1    1  6.17388E+15 0.00042 
   49   49    1    1     1     1     1    1    1    1  6.35009E+15 0.00039 
   50   50    1    1     1     1     1    1    1    1  6.61214E+15 0.00041 
   51   51    1    1     1     1     1    1    1    1  6.90521E+15 0.00035 
   52   52    1    1     1     1     1    1    1    1  7.36333E+15 0.00039 
   53   53    1    1     1     1     1    1    1    1  7.95120E+15 0.00036 
   54   54    1    1     1     1     1    1    1    1  8.77581E+15 0.00035 
   55   55    1    1     1     1     1    1    1    1  9.85958E+15 0.00038 
   56   56    1    1     1     1     1    1    1    1  1.14049E+16 0.00035 
   57   57    1    1     1     1     1    1    1    1  1.34978E+16 0.00036 
   58   58    1    1     1     1     1    1    1    1  1.67625E+16 0.00030 
   59   59    1    1     1     1     1    1    1    1  1.54621E+16 0.00035 
   60   60    1    1     1     1     1    1    1    1  2.23763E+16 0.00031 
   61   61    1    1     1     1     1    1    1    1  2.61750E+16 0.00033 
   62   62    1    1     1     1     1    1    1    1  2.17804E+16 0.00032 
   63   63    1    1     1     1     1    1    1    1  2.48066E+16 0.00030 
   64   64    1    1     1     1     1    1    1    1  2.55558E+16 0.00037 
   65   65    1    1     1     1     1    1    1    1  2.09341E+16 0.00044 
   66   66    1    1     1     1     1    1    1    1  1.33792E+16 0.00058 
   67   67    1    1     1     1     1    1    1    1  6.66989E+15 0.00095 
   68   68    1    1     1     1     1    1    1    1  1.74762E+15 0.00166 
   69   69    1    1     1     1     1    1    1    1  2.45888E+14 0.00472 
   70   70    1    1     1     1     1    1    1    1  1.44031E+13 0.02198 
];


