
DET1 = [
    1    1    1    1     1     1     1    1    1    1  2.84738E+12 0.00857 
    2    2    1    1     1     1     1    1    1    1  4.53183E+12 0.00704 
    3    3    1    1     1     1     1    1    1    1  7.79825E+12 0.00580 
    4    4    1    1     1     1     1    1    1    1  2.44528E+13 0.00344 
    5    5    1    1     1     1     1    1    1    1  3.45461E+13 0.00288 
    6    6    1    1     1     1     1    1    1    1  7.86281E+13 0.00187 
    7    7    1    1     1     1     1    1    1    1  1.34354E+14 0.00151 
    8    8    1    1     1     1     1    1    1    1  2.64150E+14 0.00118 
    9    9    1    1     1     1     1    1    1    1  4.69102E+14 0.00096 
   10   10    1    1     1     1     1    1    1    1  8.26626E+14 0.00074 
   11   11    1    1     1     1     1    1    1    1  1.35892E+15 0.00067 
   12   12    1    1     1     1     1    1    1    1  2.08413E+15 0.00050 
   13   13    1    1     1     1     1    1    1    1  2.90016E+15 0.00050 
   14   14    1    1     1     1     1    1    1    1  3.54913E+15 0.00049 
   15   15    1    1     1     1     1    1    1    1  3.67862E+15 0.00045 
   16   16    1    1     1     1     1    1    1    1  3.15398E+15 0.00046 
   17   17    1    1     1     1     1    1    1    1  2.28972E+15 0.00048 
   18   18    1    1     1     1     1    1    1    1  2.73234E+15 0.00046 
   19   19    1    1     1     1     1    1    1    1  3.35415E+15 0.00050 
   20   20    1    1     1     1     1    1    1    1  3.23826E+15 0.00054 
   21   21    1    1     1     1     1    1    1    1  2.20685E+15 0.00053 
   22   22    1    1     1     1     1    1    1    1  3.72137E+15 0.00052 
   23   23    1    1     1     1     1    1    1    1  4.19294E+15 0.00049 
   24   24    1    1     1     1     1    1    1    1  3.90875E+15 0.00050 
   25   25    1    1     1     1     1    1    1    1  4.14680E+15 0.00046 
   26   26    1    1     1     1     1    1    1    1  3.46262E+15 0.00047 
   27   27    1    1     1     1     1    1    1    1  4.08915E+15 0.00044 
   28   28    1    1     1     1     1    1    1    1  4.69345E+15 0.00046 
   29   29    1    1     1     1     1    1    1    1  4.61335E+15 0.00046 
   30   30    1    1     1     1     1    1    1    1  4.67020E+15 0.00042 
   31   31    1    1     1     1     1    1    1    1  5.17692E+15 0.00046 
   32   32    1    1     1     1     1    1    1    1  5.06497E+15 0.00043 
   33   33    1    1     1     1     1    1    1    1  5.38579E+15 0.00044 
   34   34    1    1     1     1     1    1    1    1  5.60733E+15 0.00039 
   35   35    1    1     1     1     1    1    1    1  5.69399E+15 0.00041 
   36   36    1    1     1     1     1    1    1    1  5.91140E+15 0.00045 
   37   37    1    1     1     1     1    1    1    1  6.01327E+15 0.00045 
   38   38    1    1     1     1     1    1    1    1  6.16491E+15 0.00041 
   39   39    1    1     1     1     1    1    1    1  6.25219E+15 0.00040 
   40   40    1    1     1     1     1    1    1    1  6.35537E+15 0.00042 
   41   41    1    1     1     1     1    1    1    1  6.45807E+15 0.00040 
   42   42    1    1     1     1     1    1    1    1  6.60674E+15 0.00043 
   43   43    1    1     1     1     1    1    1    1  6.57651E+15 0.00038 
   44   44    1    1     1     1     1    1    1    1  6.69540E+15 0.00040 
   45   45    1    1     1     1     1    1    1    1  6.79150E+15 0.00043 
   46   46    1    1     1     1     1    1    1    1  6.92238E+15 0.00044 
   47   47    1    1     1     1     1    1    1    1  7.05056E+15 0.00040 
   48   48    1    1     1     1     1    1    1    1  7.21308E+15 0.00041 
   49   49    1    1     1     1     1    1    1    1  7.41775E+15 0.00040 
   50   50    1    1     1     1     1    1    1    1  7.71858E+15 0.00040 
   51   51    1    1     1     1     1    1    1    1  8.06466E+15 0.00038 
   52   52    1    1     1     1     1    1    1    1  8.59692E+15 0.00038 
   53   53    1    1     1     1     1    1    1    1  9.28548E+15 0.00039 
   54   54    1    1     1     1     1    1    1    1  1.02484E+16 0.00040 
   55   55    1    1     1     1     1    1    1    1  1.15074E+16 0.00039 
   56   56    1    1     1     1     1    1    1    1  1.33128E+16 0.00037 
   57   57    1    1     1     1     1    1    1    1  1.57483E+16 0.00034 
   58   58    1    1     1     1     1    1    1    1  1.95547E+16 0.00033 
   59   59    1    1     1     1     1    1    1    1  1.80282E+16 0.00034 
   60   60    1    1     1     1     1    1    1    1  2.60625E+16 0.00030 
   61   61    1    1     1     1     1    1    1    1  3.04840E+16 0.00030 
   62   62    1    1     1     1     1    1    1    1  2.52926E+16 0.00035 
   63   63    1    1     1     1     1    1    1    1  2.87434E+16 0.00034 
   64   64    1    1     1     1     1    1    1    1  2.94405E+16 0.00035 
   65   65    1    1     1     1     1    1    1    1  2.40578E+16 0.00045 
   66   66    1    1     1     1     1    1    1    1  1.53581E+16 0.00057 
   67   67    1    1     1     1     1    1    1    1  7.65146E+15 0.00088 
   68   68    1    1     1     1     1    1    1    1  2.01507E+15 0.00174 
   69   69    1    1     1     1     1    1    1    1  2.82671E+14 0.00469 
   70   70    1    1     1     1     1    1    1    1  1.65433E+13 0.02080 
];


