
DET1 = [
    1    1    1    1     1     1     1    1    1    1  1.93829E+12 0.00928 
    2    2    1    1     1     1     1    1    1    1  3.06156E+12 0.00701 
    3    3    1    1     1     1     1    1    1    1  5.24003E+12 0.00477 
    4    4    1    1     1     1     1    1    1    1  1.64777E+13 0.00329 
    5    5    1    1     1     1     1    1    1    1  2.33429E+13 0.00310 
    6    6    1    1     1     1     1    1    1    1  5.29168E+13 0.00204 
    7    7    1    1     1     1     1    1    1    1  9.01815E+13 0.00167 
    8    8    1    1     1     1     1    1    1    1  1.76785E+14 0.00127 
    9    9    1    1     1     1     1    1    1    1  3.12619E+14 0.00103 
   10   10    1    1     1     1     1    1    1    1  5.50902E+14 0.00082 
   11   11    1    1     1     1     1    1    1    1  9.03742E+14 0.00066 
   12   12    1    1     1     1     1    1    1    1  1.38938E+15 0.00065 
   13   13    1    1     1     1     1    1    1    1  1.94400E+15 0.00052 
   14   14    1    1     1     1     1    1    1    1  2.40245E+15 0.00048 
   15   15    1    1     1     1     1    1    1    1  2.51873E+15 0.00047 
   16   16    1    1     1     1     1    1    1    1  2.20174E+15 0.00047 
   17   17    1    1     1     1     1    1    1    1  1.66947E+15 0.00049 
   18   18    1    1     1     1     1    1    1    1  2.05830E+15 0.00045 
   19   19    1    1     1     1     1    1    1    1  2.79843E+15 0.00045 
   20   20    1    1     1     1     1    1    1    1  2.79293E+15 0.00050 
   21   21    1    1     1     1     1    1    1    1  1.93975E+15 0.00051 
   22   22    1    1     1     1     1    1    1    1  3.42756E+15 0.00048 
   23   23    1    1     1     1     1    1    1    1  3.64691E+15 0.00051 
   24   24    1    1     1     1     1    1    1    1  3.42088E+15 0.00051 
   25   25    1    1     1     1     1    1    1    1  3.61511E+15 0.00048 
   26   26    1    1     1     1     1    1    1    1  3.16834E+15 0.00052 
   27   27    1    1     1     1     1    1    1    1  3.48379E+15 0.00048 
   28   28    1    1     1     1     1    1    1    1  3.84228E+15 0.00048 
   29   29    1    1     1     1     1    1    1    1  3.88737E+15 0.00043 
   30   30    1    1     1     1     1    1    1    1  3.90406E+15 0.00044 
   31   31    1    1     1     1     1    1    1    1  4.36727E+15 0.00045 
   32   32    1    1     1     1     1    1    1    1  4.25467E+15 0.00044 
   33   33    1    1     1     1     1    1    1    1  4.46719E+15 0.00046 
   34   34    1    1     1     1     1    1    1    1  4.66570E+15 0.00042 
   35   35    1    1     1     1     1    1    1    1  4.76897E+15 0.00042 
   36   36    1    1     1     1     1    1    1    1  4.96897E+15 0.00041 
   37   37    1    1     1     1     1    1    1    1  5.02561E+15 0.00038 
   38   38    1    1     1     1     1    1    1    1  5.18766E+15 0.00039 
   39   39    1    1     1     1     1    1    1    1  5.25648E+15 0.00043 
   40   40    1    1     1     1     1    1    1    1  5.33955E+15 0.00042 
   41   41    1    1     1     1     1    1    1    1  5.42175E+15 0.00043 
   42   42    1    1     1     1     1    1    1    1  5.55318E+15 0.00044 
   43   43    1    1     1     1     1    1    1    1  5.52469E+15 0.00043 
   44   44    1    1     1     1     1    1    1    1  5.63383E+15 0.00041 
   45   45    1    1     1     1     1    1    1    1  5.71360E+15 0.00037 
   46   46    1    1     1     1     1    1    1    1  5.82777E+15 0.00041 
   47   47    1    1     1     1     1    1    1    1  5.92874E+15 0.00040 
   48   48    1    1     1     1     1    1    1    1  6.06425E+15 0.00039 
   49   49    1    1     1     1     1    1    1    1  6.23835E+15 0.00041 
   50   50    1    1     1     1     1    1    1    1  6.49394E+15 0.00039 
   51   51    1    1     1     1     1    1    1    1  6.78173E+15 0.00042 
   52   52    1    1     1     1     1    1    1    1  7.23425E+15 0.00037 
   53   53    1    1     1     1     1    1    1    1  7.81729E+15 0.00037 
   54   54    1    1     1     1     1    1    1    1  8.62498E+15 0.00032 
   55   55    1    1     1     1     1    1    1    1  9.68806E+15 0.00037 
   56   56    1    1     1     1     1    1    1    1  1.11986E+16 0.00035 
   57   57    1    1     1     1     1    1    1    1  1.32559E+16 0.00033 
   58   58    1    1     1     1     1    1    1    1  1.64718E+16 0.00033 
   59   59    1    1     1     1     1    1    1    1  1.51923E+16 0.00034 
   60   60    1    1     1     1     1    1    1    1  2.19797E+16 0.00030 
   61   61    1    1     1     1     1    1    1    1  2.57418E+16 0.00030 
   62   62    1    1     1     1     1    1    1    1  2.14030E+16 0.00034 
   63   63    1    1     1     1     1    1    1    1  2.43677E+16 0.00036 
   64   64    1    1     1     1     1    1    1    1  2.51177E+16 0.00035 
   65   65    1    1     1     1     1    1    1    1  2.06017E+16 0.00044 
   66   66    1    1     1     1     1    1    1    1  1.31793E+16 0.00057 
   67   67    1    1     1     1     1    1    1    1  6.55225E+15 0.00089 
   68   68    1    1     1     1     1    1    1    1  1.71644E+15 0.00173 
   69   69    1    1     1     1     1    1    1    1  2.39755E+14 0.00498 
   70   70    1    1     1     1     1    1    1    1  1.35188E+13 0.02066 
];


