
DET1 = [
    1    1    1    1     1     1     1    1    1    1  1.86265E+12 0.00967 
    2    2    1    1     1     1     1    1    1    1  2.98071E+12 0.00808 
    3    3    1    1     1     1     1    1    1    1  5.16857E+12 0.00613 
    4    4    1    1     1     1     1    1    1    1  1.62725E+13 0.00312 
    5    5    1    1     1     1     1    1    1    1  2.28629E+13 0.00276 
    6    6    1    1     1     1     1    1    1    1  5.21930E+13 0.00217 
    7    7    1    1     1     1     1    1    1    1  8.84544E+13 0.00166 
    8    8    1    1     1     1     1    1    1    1  1.74522E+14 0.00127 
    9    9    1    1     1     1     1    1    1    1  3.08214E+14 0.00102 
   10   10    1    1     1     1     1    1    1    1  5.43502E+14 0.00088 
   11   11    1    1     1     1     1    1    1    1  8.91262E+14 0.00069 
   12   12    1    1     1     1     1    1    1    1  1.37183E+15 0.00065 
   13   13    1    1     1     1     1    1    1    1  1.92067E+15 0.00056 
   14   14    1    1     1     1     1    1    1    1  2.37240E+15 0.00047 
   15   15    1    1     1     1     1    1    1    1  2.48495E+15 0.00048 
   16   16    1    1     1     1     1    1    1    1  2.16734E+15 0.00045 
   17   17    1    1     1     1     1    1    1    1  1.64220E+15 0.00051 
   18   18    1    1     1     1     1    1    1    1  2.02463E+15 0.00048 
   19   19    1    1     1     1     1    1    1    1  2.76680E+15 0.00047 
   20   20    1    1     1     1     1    1    1    1  2.76842E+15 0.00047 
   21   21    1    1     1     1     1    1    1    1  1.92340E+15 0.00049 
   22   22    1    1     1     1     1    1    1    1  3.40609E+15 0.00052 
   23   23    1    1     1     1     1    1    1    1  3.60743E+15 0.00050 
   24   24    1    1     1     1     1    1    1    1  3.38756E+15 0.00047 
   25   25    1    1     1     1     1    1    1    1  3.58170E+15 0.00049 
   26   26    1    1     1     1     1    1    1    1  3.14889E+15 0.00046 
   27   27    1    1     1     1     1    1    1    1  3.44080E+15 0.00046 
   28   28    1    1     1     1     1    1    1    1  3.78549E+15 0.00045 
   29   29    1    1     1     1     1    1    1    1  3.83658E+15 0.00046 
   30   30    1    1     1     1     1    1    1    1  3.85143E+15 0.00044 
   31   31    1    1     1     1     1    1    1    1  4.30798E+15 0.00043 
   32   32    1    1     1     1     1    1    1    1  4.20197E+15 0.00047 
   33   33    1    1     1     1     1    1    1    1  4.40424E+15 0.00046 
   34   34    1    1     1     1     1    1    1    1  4.60019E+15 0.00042 
   35   35    1    1     1     1     1    1    1    1  4.70569E+15 0.00043 
   36   36    1    1     1     1     1    1    1    1  4.90405E+15 0.00040 
   37   37    1    1     1     1     1    1    1    1  4.95893E+15 0.00044 
   38   38    1    1     1     1     1    1    1    1  5.12320E+15 0.00042 
   39   39    1    1     1     1     1    1    1    1  5.18784E+15 0.00043 
   40   40    1    1     1     1     1    1    1    1  5.27095E+15 0.00044 
   41   41    1    1     1     1     1    1    1    1  5.35134E+15 0.00043 
   42   42    1    1     1     1     1    1    1    1  5.48439E+15 0.00041 
   43   43    1    1     1     1     1    1    1    1  5.45005E+15 0.00038 
   44   44    1    1     1     1     1    1    1    1  5.55777E+15 0.00040 
   45   45    1    1     1     1     1    1    1    1  5.63981E+15 0.00042 
   46   46    1    1     1     1     1    1    1    1  5.75273E+15 0.00041 
   47   47    1    1     1     1     1    1    1    1  5.85275E+15 0.00038 
   48   48    1    1     1     1     1    1    1    1  5.98468E+15 0.00043 
   49   49    1    1     1     1     1    1    1    1  6.15966E+15 0.00041 
   50   50    1    1     1     1     1    1    1    1  6.40943E+15 0.00039 
   51   51    1    1     1     1     1    1    1    1  6.68953E+15 0.00041 
   52   52    1    1     1     1     1    1    1    1  7.13847E+15 0.00039 
   53   53    1    1     1     1     1    1    1    1  7.70911E+15 0.00040 
   54   54    1    1     1     1     1    1    1    1  8.50813E+15 0.00034 
   55   55    1    1     1     1     1    1    1    1  9.55819E+15 0.00037 
   56   56    1    1     1     1     1    1    1    1  1.10482E+16 0.00033 
   57   57    1    1     1     1     1    1    1    1  1.30862E+16 0.00034 
   58   58    1    1     1     1     1    1    1    1  1.62534E+16 0.00033 
   59   59    1    1     1     1     1    1    1    1  1.49928E+16 0.00033 
   60   60    1    1     1     1     1    1    1    1  2.17047E+16 0.00035 
   61   61    1    1     1     1     1    1    1    1  2.53828E+16 0.00032 
   62   62    1    1     1     1     1    1    1    1  2.11208E+16 0.00031 
   63   63    1    1     1     1     1    1    1    1  2.40661E+16 0.00034 
   64   64    1    1     1     1     1    1    1    1  2.48064E+16 0.00034 
   65   65    1    1     1     1     1    1    1    1  2.03542E+16 0.00040 
   66   66    1    1     1     1     1    1    1    1  1.30098E+16 0.00059 
   67   67    1    1     1     1     1    1    1    1  6.47989E+15 0.00091 
   68   68    1    1     1     1     1    1    1    1  1.69672E+15 0.00158 
   69   69    1    1     1     1     1    1    1    1  2.39918E+14 0.00489 
   70   70    1    1     1     1     1    1    1    1  1.36295E+13 0.02020 
];


