
DET1 = [
    1    1    1    1     1     1     1    1    1    1  1.86661E+12 0.00766 
    2    2    1    1     1     1     1    1    1    1  2.99865E+12 0.00731 
    3    3    1    1     1     1     1    1    1    1  5.17296E+12 0.00562 
    4    4    1    1     1     1     1    1    1    1  1.63981E+13 0.00347 
    5    5    1    1     1     1     1    1    1    1  2.32387E+13 0.00323 
    6    6    1    1     1     1     1    1    1    1  5.25060E+13 0.00207 
    7    7    1    1     1     1     1    1    1    1  8.93976E+13 0.00161 
    8    8    1    1     1     1     1    1    1    1  1.75794E+14 0.00136 
    9    9    1    1     1     1     1    1    1    1  3.11259E+14 0.00100 
   10   10    1    1     1     1     1    1    1    1  5.48381E+14 0.00077 
   11   11    1    1     1     1     1    1    1    1  9.01331E+14 0.00063 
   12   12    1    1     1     1     1    1    1    1  1.39018E+15 0.00061 
   13   13    1    1     1     1     1    1    1    1  1.94514E+15 0.00050 
   14   14    1    1     1     1     1    1    1    1  2.39479E+15 0.00049 
   15   15    1    1     1     1     1    1    1    1  2.47869E+15 0.00048 
   16   16    1    1     1     1     1    1    1    1  2.13606E+15 0.00050 
   17   17    1    1     1     1     1    1    1    1  1.60789E+15 0.00051 
   18   18    1    1     1     1     1    1    1    1  1.97676E+15 0.00049 
   19   19    1    1     1     1     1    1    1    1  2.70708E+15 0.00048 
   20   20    1    1     1     1     1    1    1    1  2.70676E+15 0.00055 
   21   21    1    1     1     1     1    1    1    1  1.88206E+15 0.00050 
   22   22    1    1     1     1     1    1    1    1  3.33141E+15 0.00051 
   23   23    1    1     1     1     1    1    1    1  3.52211E+15 0.00051 
   24   24    1    1     1     1     1    1    1    1  3.30940E+15 0.00052 
   25   25    1    1     1     1     1    1    1    1  3.50653E+15 0.00047 
   26   26    1    1     1     1     1    1    1    1  3.08513E+15 0.00046 
   27   27    1    1     1     1     1    1    1    1  3.35589E+15 0.00044 
   28   28    1    1     1     1     1    1    1    1  3.69149E+15 0.00043 
   29   29    1    1     1     1     1    1    1    1  3.74515E+15 0.00044 
   30   30    1    1     1     1     1    1    1    1  3.76254E+15 0.00044 
   31   31    1    1     1     1     1    1    1    1  4.21018E+15 0.00044 
   32   32    1    1     1     1     1    1    1    1  4.09901E+15 0.00044 
   33   33    1    1     1     1     1    1    1    1  4.29690E+15 0.00044 
   34   34    1    1     1     1     1    1    1    1  4.49346E+15 0.00043 
   35   35    1    1     1     1     1    1    1    1  4.59254E+15 0.00040 
   36   36    1    1     1     1     1    1    1    1  4.78543E+15 0.00039 
   37   37    1    1     1     1     1    1    1    1  4.83797E+15 0.00044 
   38   38    1    1     1     1     1    1    1    1  4.99594E+15 0.00041 
   39   39    1    1     1     1     1    1    1    1  5.05714E+15 0.00042 
   40   40    1    1     1     1     1    1    1    1  5.13904E+15 0.00041 
   41   41    1    1     1     1     1    1    1    1  5.21509E+15 0.00044 
   42   42    1    1     1     1     1    1    1    1  5.34734E+15 0.00040 
   43   43    1    1     1     1     1    1    1    1  5.31961E+15 0.00042 
   44   44    1    1     1     1     1    1    1    1  5.42228E+15 0.00043 
   45   45    1    1     1     1     1    1    1    1  5.50404E+15 0.00043 
   46   46    1    1     1     1     1    1    1    1  5.61050E+15 0.00042 
   47   47    1    1     1     1     1    1    1    1  5.71312E+15 0.00038 
   48   48    1    1     1     1     1    1    1    1  5.84179E+15 0.00038 
   49   49    1    1     1     1     1    1    1    1  6.01223E+15 0.00040 
   50   50    1    1     1     1     1    1    1    1  6.25430E+15 0.00042 
   51   51    1    1     1     1     1    1    1    1  6.53282E+15 0.00039 
   52   52    1    1     1     1     1    1    1    1  6.96219E+15 0.00040 
   53   53    1    1     1     1     1    1    1    1  7.52537E+15 0.00038 
   54   54    1    1     1     1     1    1    1    1  8.30086E+15 0.00040 
   55   55    1    1     1     1     1    1    1    1  9.32261E+15 0.00039 
   56   56    1    1     1     1     1    1    1    1  1.07850E+16 0.00034 
   57   57    1    1     1     1     1    1    1    1  1.27653E+16 0.00035 
   58   58    1    1     1     1     1    1    1    1  1.58593E+16 0.00030 
   59   59    1    1     1     1     1    1    1    1  1.46330E+16 0.00030 
   60   60    1    1     1     1     1    1    1    1  2.11673E+16 0.00031 
   61   61    1    1     1     1     1    1    1    1  2.47657E+16 0.00026 
   62   62    1    1     1     1     1    1    1    1  2.06097E+16 0.00031 
   63   63    1    1     1     1     1    1    1    1  2.34985E+16 0.00035 
   64   64    1    1     1     1     1    1    1    1  2.42159E+16 0.00036 
   65   65    1    1     1     1     1    1    1    1  1.98734E+16 0.00042 
   66   66    1    1     1     1     1    1    1    1  1.27003E+16 0.00061 
   67   67    1    1     1     1     1    1    1    1  6.33026E+15 0.00088 
   68   68    1    1     1     1     1    1    1    1  1.65099E+15 0.00165 
   69   69    1    1     1     1     1    1    1    1  2.32534E+14 0.00482 
   70   70    1    1     1     1     1    1    1    1  1.29245E+13 0.02187 
];


