
DET1 = [
    1    1    1    1     1     1     1    1    1    1  1.92274E+12 0.01034 
    2    2    1    1     1     1     1    1    1    1  3.04751E+12 0.00679 
    3    3    1    1     1     1     1    1    1    1  5.25377E+12 0.00595 
    4    4    1    1     1     1     1    1    1    1  1.64191E+13 0.00311 
    5    5    1    1     1     1     1    1    1    1  2.32349E+13 0.00301 
    6    6    1    1     1     1     1    1    1    1  5.28479E+13 0.00209 
    7    7    1    1     1     1     1    1    1    1  8.95750E+13 0.00162 
    8    8    1    1     1     1     1    1    1    1  1.76584E+14 0.00139 
    9    9    1    1     1     1     1    1    1    1  3.10836E+14 0.00091 
   10   10    1    1     1     1     1    1    1    1  5.49083E+14 0.00084 
   11   11    1    1     1     1     1    1    1    1  9.00382E+14 0.00073 
   12   12    1    1     1     1     1    1    1    1  1.38443E+15 0.00058 
   13   13    1    1     1     1     1    1    1    1  1.93667E+15 0.00056 
   14   14    1    1     1     1     1    1    1    1  2.39374E+15 0.00051 
   15   15    1    1     1     1     1    1    1    1  2.51205E+15 0.00047 
   16   16    1    1     1     1     1    1    1    1  2.19428E+15 0.00049 
   17   17    1    1     1     1     1    1    1    1  1.66344E+15 0.00046 
   18   18    1    1     1     1     1    1    1    1  2.04948E+15 0.00050 
   19   19    1    1     1     1     1    1    1    1  2.79314E+15 0.00049 
   20   20    1    1     1     1     1    1    1    1  2.78642E+15 0.00053 
   21   21    1    1     1     1     1    1    1    1  1.93582E+15 0.00053 
   22   22    1    1     1     1     1    1    1    1  3.42053E+15 0.00050 
   23   23    1    1     1     1     1    1    1    1  3.63583E+15 0.00050 
   24   24    1    1     1     1     1    1    1    1  3.41377E+15 0.00050 
   25   25    1    1     1     1     1    1    1    1  3.60837E+15 0.00053 
   26   26    1    1     1     1     1    1    1    1  3.16312E+15 0.00046 
   27   27    1    1     1     1     1    1    1    1  3.47238E+15 0.00042 
   28   28    1    1     1     1     1    1    1    1  3.82391E+15 0.00043 
   29   29    1    1     1     1     1    1    1    1  3.87221E+15 0.00039 
   30   30    1    1     1     1     1    1    1    1  3.88897E+15 0.00045 
   31   31    1    1     1     1     1    1    1    1  4.35526E+15 0.00044 
   32   32    1    1     1     1     1    1    1    1  4.24338E+15 0.00043 
   33   33    1    1     1     1     1    1    1    1  4.44564E+15 0.00044 
   34   34    1    1     1     1     1    1    1    1  4.64895E+15 0.00042 
   35   35    1    1     1     1     1    1    1    1  4.74934E+15 0.00041 
   36   36    1    1     1     1     1    1    1    1  4.95025E+15 0.00043 
   37   37    1    1     1     1     1    1    1    1  5.00903E+15 0.00040 
   38   38    1    1     1     1     1    1    1    1  5.17326E+15 0.00039 
   39   39    1    1     1     1     1    1    1    1  5.23473E+15 0.00041 
   40   40    1    1     1     1     1    1    1    1  5.31923E+15 0.00043 
   41   41    1    1     1     1     1    1    1    1  5.40064E+15 0.00040 
   42   42    1    1     1     1     1    1    1    1  5.53748E+15 0.00040 
   43   43    1    1     1     1     1    1    1    1  5.50586E+15 0.00043 
   44   44    1    1     1     1     1    1    1    1  5.60972E+15 0.00038 
   45   45    1    1     1     1     1    1    1    1  5.69664E+15 0.00041 
   46   46    1    1     1     1     1    1    1    1  5.80340E+15 0.00039 
   47   47    1    1     1     1     1    1    1    1  5.90883E+15 0.00043 
   48   48    1    1     1     1     1    1    1    1  6.03786E+15 0.00042 
   49   49    1    1     1     1     1    1    1    1  6.21705E+15 0.00042 
   50   50    1    1     1     1     1    1    1    1  6.47499E+15 0.00039 
   51   51    1    1     1     1     1    1    1    1  6.75844E+15 0.00041 
   52   52    1    1     1     1     1    1    1    1  7.20621E+15 0.00040 
   53   53    1    1     1     1     1    1    1    1  7.78816E+15 0.00039 
   54   54    1    1     1     1     1    1    1    1  8.58971E+15 0.00037 
   55   55    1    1     1     1     1    1    1    1  9.65452E+15 0.00037 
   56   56    1    1     1     1     1    1    1    1  1.11594E+16 0.00034 
   57   57    1    1     1     1     1    1    1    1  1.32114E+16 0.00034 
   58   58    1    1     1     1     1    1    1    1  1.64110E+16 0.00030 
   59   59    1    1     1     1     1    1    1    1  1.51381E+16 0.00032 
   60   60    1    1     1     1     1    1    1    1  2.19170E+16 0.00031 
   61   61    1    1     1     1     1    1    1    1  2.56357E+16 0.00030 
   62   62    1    1     1     1     1    1    1    1  2.13262E+16 0.00034 
   63   63    1    1     1     1     1    1    1    1  2.42926E+16 0.00036 
   64   64    1    1     1     1     1    1    1    1  2.50458E+16 0.00035 
   65   65    1    1     1     1     1    1    1    1  2.05272E+16 0.00041 
   66   66    1    1     1     1     1    1    1    1  1.31270E+16 0.00059 
   67   67    1    1     1     1     1    1    1    1  6.53829E+15 0.00081 
   68   68    1    1     1     1     1    1    1    1  1.70618E+15 0.00168 
   69   69    1    1     1     1     1    1    1    1  2.41336E+14 0.00455 
   70   70    1    1     1     1     1    1    1    1  1.33133E+13 0.02028 
];


