
DET1 = [
    1    1    1    1     1     1     1    1    1    1  2.23933E+12 0.00850 
    2    2    1    1     1     1     1    1    1    1  3.53999E+12 0.00605 
    3    3    1    1     1     1     1    1    1    1  6.13376E+12 0.00527 
    4    4    1    1     1     1     1    1    1    1  1.92830E+13 0.00320 
    5    5    1    1     1     1     1    1    1    1  2.74484E+13 0.00267 
    6    6    1    1     1     1     1    1    1    1  6.22621E+13 0.00204 
    7    7    1    1     1     1     1    1    1    1  1.06510E+14 0.00174 
    8    8    1    1     1     1     1    1    1    1  2.09535E+14 0.00125 
    9    9    1    1     1     1     1    1    1    1  3.70889E+14 0.00109 
   10   10    1    1     1     1     1    1    1    1  6.53603E+14 0.00084 
   11   11    1    1     1     1     1    1    1    1  1.07437E+15 0.00070 
   12   12    1    1     1     1     1    1    1    1  1.64989E+15 0.00063 
   13   13    1    1     1     1     1    1    1    1  2.30228E+15 0.00055 
   14   14    1    1     1     1     1    1    1    1  2.83390E+15 0.00047 
   15   15    1    1     1     1     1    1    1    1  2.95757E+15 0.00044 
   16   16    1    1     1     1     1    1    1    1  2.56799E+15 0.00044 
   17   17    1    1     1     1     1    1    1    1  1.90674E+15 0.00050 
   18   18    1    1     1     1     1    1    1    1  2.32775E+15 0.00050 
   19   19    1    1     1     1     1    1    1    1  3.03012E+15 0.00051 
   20   20    1    1     1     1     1    1    1    1  2.96398E+15 0.00048 
   21   21    1    1     1     1     1    1    1    1  2.03700E+15 0.00055 
   22   22    1    1     1     1     1    1    1    1  3.52375E+15 0.00049 
   23   23    1    1     1     1     1    1    1    1  3.88323E+15 0.00052 
   24   24    1    1     1     1     1    1    1    1  3.63601E+15 0.00051 
   25   25    1    1     1     1     1    1    1    1  3.83855E+15 0.00048 
   26   26    1    1     1     1     1    1    1    1  3.27184E+15 0.00049 
   27   27    1    1     1     1     1    1    1    1  3.74848E+15 0.00044 
   28   28    1    1     1     1     1    1    1    1  4.22222E+15 0.00043 
   29   29    1    1     1     1     1    1    1    1  4.20950E+15 0.00041 
   30   30    1    1     1     1     1    1    1    1  4.25134E+15 0.00045 
   31   31    1    1     1     1     1    1    1    1  4.73003E+15 0.00051 
   32   32    1    1     1     1     1    1    1    1  4.62427E+15 0.00041 
   33   33    1    1     1     1     1    1    1    1  4.89008E+15 0.00039 
   34   34    1    1     1     1     1    1    1    1  5.09708E+15 0.00042 
   35   35    1    1     1     1     1    1    1    1  5.18961E+15 0.00037 
   36   36    1    1     1     1     1    1    1    1  5.39852E+15 0.00039 
   37   37    1    1     1     1     1    1    1    1  5.47220E+15 0.00041 
   38   38    1    1     1     1     1    1    1    1  5.63376E+15 0.00043 
   39   39    1    1     1     1     1    1    1    1  5.71100E+15 0.00041 
   40   40    1    1     1     1     1    1    1    1  5.80204E+15 0.00042 
   41   41    1    1     1     1     1    1    1    1  5.88385E+15 0.00043 
   42   42    1    1     1     1     1    1    1    1  6.03044E+15 0.00040 
   43   43    1    1     1     1     1    1    1    1  6.00130E+15 0.00043 
   44   44    1    1     1     1     1    1    1    1  6.11074E+15 0.00039 
   45   45    1    1     1     1     1    1    1    1  6.19988E+15 0.00045 
   46   46    1    1     1     1     1    1    1    1  6.32215E+15 0.00042 
   47   47    1    1     1     1     1    1    1    1  6.43528E+15 0.00039 
   48   48    1    1     1     1     1    1    1    1  6.58299E+15 0.00041 
   49   49    1    1     1     1     1    1    1    1  6.76982E+15 0.00042 
   50   50    1    1     1     1     1    1    1    1  7.04591E+15 0.00039 
   51   51    1    1     1     1     1    1    1    1  7.35889E+15 0.00039 
   52   52    1    1     1     1     1    1    1    1  7.84887E+15 0.00036 
   53   53    1    1     1     1     1    1    1    1  8.48040E+15 0.00037 
   54   54    1    1     1     1     1    1    1    1  9.35795E+15 0.00034 
   55   55    1    1     1     1     1    1    1    1  1.05084E+16 0.00034 
   56   56    1    1     1     1     1    1    1    1  1.21580E+16 0.00035 
   57   57    1    1     1     1     1    1    1    1  1.43837E+16 0.00036 
   58   58    1    1     1     1     1    1    1    1  1.78737E+16 0.00033 
   59   59    1    1     1     1     1    1    1    1  1.64765E+16 0.00034 
   60   60    1    1     1     1     1    1    1    1  2.38385E+16 0.00035 
   61   61    1    1     1     1     1    1    1    1  2.78882E+16 0.00030 
   62   62    1    1     1     1     1    1    1    1  2.31736E+16 0.00035 
   63   63    1    1     1     1     1    1    1    1  2.63509E+16 0.00033 
   64   64    1    1     1     1     1    1    1    1  2.70796E+16 0.00036 
   65   65    1    1     1     1     1    1    1    1  2.21584E+16 0.00042 
   66   66    1    1     1     1     1    1    1    1  1.41712E+16 0.00055 
   67   67    1    1     1     1     1    1    1    1  7.05626E+15 0.00086 
   68   68    1    1     1     1     1    1    1    1  1.85451E+15 0.00183 
   69   69    1    1     1     1     1    1    1    1  2.61271E+14 0.00455 
   70   70    1    1     1     1     1    1    1    1  1.44350E+13 0.02115 
];


