
DET1 = [
    1    1    1    1     1     1     1    1    1    1  2.31118E+12 0.00695 
    2    2    1    1     1     1     1    1    1    1  3.72478E+12 0.00668 
    3    3    1    1     1     1     1    1    1    1  6.46691E+12 0.00618 
    4    4    1    1     1     1     1    1    1    1  2.01124E+13 0.00327 
    5    5    1    1     1     1     1    1    1    1  2.86436E+13 0.00286 
    6    6    1    1     1     1     1    1    1    1  6.48740E+13 0.00207 
    7    7    1    1     1     1     1    1    1    1  1.10695E+14 0.00173 
    8    8    1    1     1     1     1    1    1    1  2.17869E+14 0.00124 
    9    9    1    1     1     1     1    1    1    1  3.86406E+14 0.00108 
   10   10    1    1     1     1     1    1    1    1  6.81996E+14 0.00084 
   11   11    1    1     1     1     1    1    1    1  1.11847E+15 0.00076 
   12   12    1    1     1     1     1    1    1    1  1.71952E+15 0.00064 
   13   13    1    1     1     1     1    1    1    1  2.39826E+15 0.00054 
   14   14    1    1     1     1     1    1    1    1  2.95093E+15 0.00049 
   15   15    1    1     1     1     1    1    1    1  3.07995E+15 0.00051 
   16   16    1    1     1     1     1    1    1    1  2.66503E+15 0.00049 
   17   17    1    1     1     1     1    1    1    1  1.96982E+15 0.00051 
   18   18    1    1     1     1     1    1    1    1  2.40014E+15 0.00047 
   19   19    1    1     1     1     1    1    1    1  3.08730E+15 0.00051 
   20   20    1    1     1     1     1    1    1    1  3.01298E+15 0.00050 
   21   21    1    1     1     1     1    1    1    1  2.06327E+15 0.00049 
   22   22    1    1     1     1     1    1    1    1  3.55638E+15 0.00050 
   23   23    1    1     1     1     1    1    1    1  3.93986E+15 0.00054 
   24   24    1    1     1     1     1    1    1    1  3.68536E+15 0.00051 
   25   25    1    1     1     1     1    1    1    1  3.89145E+15 0.00049 
   26   26    1    1     1     1     1    1    1    1  3.29885E+15 0.00048 
   27   27    1    1     1     1     1    1    1    1  3.81234E+15 0.00046 
   28   28    1    1     1     1     1    1    1    1  4.30792E+15 0.00041 
   29   29    1    1     1     1     1    1    1    1  4.28014E+15 0.00043 
   30   30    1    1     1     1     1    1    1    1  4.32578E+15 0.00046 
   31   31    1    1     1     1     1    1    1    1  4.81560E+15 0.00044 
   32   32    1    1     1     1     1    1    1    1  4.70563E+15 0.00042 
   33   33    1    1     1     1     1    1    1    1  4.97961E+15 0.00044 
   34   34    1    1     1     1     1    1    1    1  5.18948E+15 0.00041 
   35   35    1    1     1     1     1    1    1    1  5.27619E+15 0.00044 
   36   36    1    1     1     1     1    1    1    1  5.49527E+15 0.00046 
   37   37    1    1     1     1     1    1    1    1  5.57128E+15 0.00041 
   38   38    1    1     1     1     1    1    1    1  5.72896E+15 0.00042 
   39   39    1    1     1     1     1    1    1    1  5.80717E+15 0.00045 
   40   40    1    1     1     1     1    1    1    1  5.90329E+15 0.00041 
   41   41    1    1     1     1     1    1    1    1  5.98861E+15 0.00042 
   42   42    1    1     1     1     1    1    1    1  6.13596E+15 0.00039 
   43   43    1    1     1     1     1    1    1    1  6.10131E+15 0.00044 
   44   44    1    1     1     1     1    1    1    1  6.21994E+15 0.00040 
   45   45    1    1     1     1     1    1    1    1  6.31786E+15 0.00040 
   46   46    1    1     1     1     1    1    1    1  6.43411E+15 0.00041 
   47   47    1    1     1     1     1    1    1    1  6.55009E+15 0.00038 
   48   48    1    1     1     1     1    1    1    1  6.69740E+15 0.00044 
   49   49    1    1     1     1     1    1    1    1  6.88720E+15 0.00040 
   50   50    1    1     1     1     1    1    1    1  7.16796E+15 0.00038 
   51   51    1    1     1     1     1    1    1    1  7.48500E+15 0.00039 
   52   52    1    1     1     1     1    1    1    1  7.98350E+15 0.00037 
   53   53    1    1     1     1     1    1    1    1  8.62593E+15 0.00039 
   54   54    1    1     1     1     1    1    1    1  9.52416E+15 0.00037 
   55   55    1    1     1     1     1    1    1    1  1.06980E+16 0.00039 
   56   56    1    1     1     1     1    1    1    1  1.23658E+16 0.00035 
   57   57    1    1     1     1     1    1    1    1  1.46291E+16 0.00036 
   58   58    1    1     1     1     1    1    1    1  1.81826E+16 0.00032 
   59   59    1    1     1     1     1    1    1    1  1.67670E+16 0.00030 
   60   60    1    1     1     1     1    1    1    1  2.42527E+16 0.00031 
   61   61    1    1     1     1     1    1    1    1  2.83433E+16 0.00033 
   62   62    1    1     1     1     1    1    1    1  2.35644E+16 0.00033 
   63   63    1    1     1     1     1    1    1    1  2.67803E+16 0.00036 
   64   64    1    1     1     1     1    1    1    1  2.74973E+16 0.00034 
   65   65    1    1     1     1     1    1    1    1  2.25239E+16 0.00043 
   66   66    1    1     1     1     1    1    1    1  1.43795E+16 0.00055 
   67   67    1    1     1     1     1    1    1    1  7.17361E+15 0.00089 
   68   68    1    1     1     1     1    1    1    1  1.87969E+15 0.00173 
   69   69    1    1     1     1     1    1    1    1  2.64352E+14 0.00498 
   70   70    1    1     1     1     1    1    1    1  1.46188E+13 0.02165 
];


