
DET1 = [
    1    1    1    1     1     1     1    1    1    1  2.10710E+12 0.00750 
    2    2    1    1     1     1     1    1    1    1  3.39937E+12 0.00740 
    3    3    1    1     1     1     1    1    1    1  5.79423E+12 0.00518 
    4    4    1    1     1     1     1    1    1    1  1.82695E+13 0.00332 
    5    5    1    1     1     1     1    1    1    1  2.58898E+13 0.00291 
    6    6    1    1     1     1     1    1    1    1  5.88059E+13 0.00185 
    7    7    1    1     1     1     1    1    1    1  1.00115E+14 0.00164 
    8    8    1    1     1     1     1    1    1    1  1.97190E+14 0.00116 
    9    9    1    1     1     1     1    1    1    1  3.48836E+14 0.00104 
   10   10    1    1     1     1     1    1    1    1  6.15865E+14 0.00076 
   11   11    1    1     1     1     1    1    1    1  1.01042E+15 0.00074 
   12   12    1    1     1     1     1    1    1    1  1.55181E+15 0.00059 
   13   13    1    1     1     1     1    1    1    1  2.16669E+15 0.00051 
   14   14    1    1     1     1     1    1    1    1  2.67160E+15 0.00048 
   15   15    1    1     1     1     1    1    1    1  2.79690E+15 0.00046 
   16   16    1    1     1     1     1    1    1    1  2.43338E+15 0.00046 
   17   17    1    1     1     1     1    1    1    1  1.81791E+15 0.00052 
   18   18    1    1     1     1     1    1    1    1  2.23078E+15 0.00052 
   19   19    1    1     1     1     1    1    1    1  2.94651E+15 0.00047 
   20   20    1    1     1     1     1    1    1    1  2.90215E+15 0.00050 
   21   21    1    1     1     1     1    1    1    1  2.00016E+15 0.00058 
   22   22    1    1     1     1     1    1    1    1  3.48668E+15 0.00052 
   23   23    1    1     1     1     1    1    1    1  3.79922E+15 0.00049 
   24   24    1    1     1     1     1    1    1    1  3.56561E+15 0.00050 
   25   25    1    1     1     1     1    1    1    1  3.76040E+15 0.00050 
   26   26    1    1     1     1     1    1    1    1  3.23336E+15 0.00047 
   27   27    1    1     1     1     1    1    1    1  3.66154E+15 0.00045 
   28   28    1    1     1     1     1    1    1    1  4.09305E+15 0.00045 
   29   29    1    1     1     1     1    1    1    1  4.10422E+15 0.00044 
   30   30    1    1     1     1     1    1    1    1  4.13221E+15 0.00042 
   31   31    1    1     1     1     1    1    1    1  4.61252E+15 0.00043 
   32   32    1    1     1     1     1    1    1    1  4.50246E+15 0.00043 
   33   33    1    1     1     1     1    1    1    1  4.74673E+15 0.00045 
   34   34    1    1     1     1     1    1    1    1  4.95316E+15 0.00041 
   35   35    1    1     1     1     1    1    1    1  5.04693E+15 0.00042 
   36   36    1    1     1     1     1    1    1    1  5.25428E+15 0.00043 
   37   37    1    1     1     1     1    1    1    1  5.32612E+15 0.00041 
   38   38    1    1     1     1     1    1    1    1  5.47861E+15 0.00046 
   39   39    1    1     1     1     1    1    1    1  5.55915E+15 0.00038 
   40   40    1    1     1     1     1    1    1    1  5.64495E+15 0.00040 
   41   41    1    1     1     1     1    1    1    1  5.73202E+15 0.00038 
   42   42    1    1     1     1     1    1    1    1  5.87457E+15 0.00041 
   43   43    1    1     1     1     1    1    1    1  5.84037E+15 0.00044 
   44   44    1    1     1     1     1    1    1    1  5.95637E+15 0.00043 
   45   45    1    1     1     1     1    1    1    1  6.04104E+15 0.00040 
   46   46    1    1     1     1     1    1    1    1  6.15954E+15 0.00042 
   47   47    1    1     1     1     1    1    1    1  6.26420E+15 0.00041 
   48   48    1    1     1     1     1    1    1    1  6.40622E+15 0.00043 
   49   49    1    1     1     1     1    1    1    1  6.59814E+15 0.00044 
   50   50    1    1     1     1     1    1    1    1  6.86272E+15 0.00037 
   51   51    1    1     1     1     1    1    1    1  7.16465E+15 0.00038 
   52   52    1    1     1     1     1    1    1    1  7.63611E+15 0.00036 
   53   53    1    1     1     1     1    1    1    1  8.25548E+15 0.00036 
   54   54    1    1     1     1     1    1    1    1  9.10916E+15 0.00039 
   55   55    1    1     1     1     1    1    1    1  1.02422E+16 0.00038 
   56   56    1    1     1     1     1    1    1    1  1.18439E+16 0.00035 
   57   57    1    1     1     1     1    1    1    1  1.40149E+16 0.00034 
   58   58    1    1     1     1     1    1    1    1  1.74053E+16 0.00033 
   59   59    1    1     1     1     1    1    1    1  1.60484E+16 0.00034 
   60   60    1    1     1     1     1    1    1    1  2.32256E+16 0.00034 
   61   61    1    1     1     1     1    1    1    1  2.71665E+16 0.00031 
   62   62    1    1     1     1     1    1    1    1  2.25758E+16 0.00033 
   63   63    1    1     1     1     1    1    1    1  2.56876E+16 0.00032 
   64   64    1    1     1     1     1    1    1    1  2.64257E+16 0.00034 
   65   65    1    1     1     1     1    1    1    1  2.16569E+16 0.00044 
   66   66    1    1     1     1     1    1    1    1  1.38350E+16 0.00060 
   67   67    1    1     1     1     1    1    1    1  6.88504E+15 0.00093 
   68   68    1    1     1     1     1    1    1    1  1.80184E+15 0.00166 
   69   69    1    1     1     1     1    1    1    1  2.56604E+14 0.00472 
   70   70    1    1     1     1     1    1    1    1  1.52807E+13 0.02120 
];


