
DET1 = [
    1    1    1    1     1     1     1    1    1    1  2.08388E+12 0.00765 
    2    2    1    1     1     1     1    1    1    1  3.27593E+12 0.00738 
    3    3    1    1     1     1     1    1    1    1  5.77215E+12 0.00654 
    4    4    1    1     1     1     1    1    1    1  1.79590E+13 0.00312 
    5    5    1    1     1     1     1    1    1    1  2.53444E+13 0.00266 
    6    6    1    1     1     1     1    1    1    1  5.76098E+13 0.00198 
    7    7    1    1     1     1     1    1    1    1  9.83895E+13 0.00157 
    8    8    1    1     1     1     1    1    1    1  1.93252E+14 0.00128 
    9    9    1    1     1     1     1    1    1    1  3.42189E+14 0.00102 
   10   10    1    1     1     1     1    1    1    1  6.03885E+14 0.00075 
   11   11    1    1     1     1     1    1    1    1  9.90726E+14 0.00072 
   12   12    1    1     1     1     1    1    1    1  1.52312E+15 0.00063 
   13   13    1    1     1     1     1    1    1    1  2.12480E+15 0.00054 
   14   14    1    1     1     1     1    1    1    1  2.62276E+15 0.00048 
   15   15    1    1     1     1     1    1    1    1  2.74249E+15 0.00046 
   16   16    1    1     1     1     1    1    1    1  2.38866E+15 0.00046 
   17   17    1    1     1     1     1    1    1    1  1.79109E+15 0.00051 
   18   18    1    1     1     1     1    1    1    1  2.19881E+15 0.00051 
   19   19    1    1     1     1     1    1    1    1  2.92135E+15 0.00048 
   20   20    1    1     1     1     1    1    1    1  2.88256E+15 0.00052 
   21   21    1    1     1     1     1    1    1    1  1.98751E+15 0.00050 
   22   22    1    1     1     1     1    1    1    1  3.47239E+15 0.00045 
   23   23    1    1     1     1     1    1    1    1  3.77231E+15 0.00045 
   24   24    1    1     1     1     1    1    1    1  3.54392E+15 0.00050 
   25   25    1    1     1     1     1    1    1    1  3.73811E+15 0.00045 
   26   26    1    1     1     1     1    1    1    1  3.21828E+15 0.00048 
   27   27    1    1     1     1     1    1    1    1  3.63079E+15 0.00044 
   28   28    1    1     1     1     1    1    1    1  4.04856E+15 0.00041 
   29   29    1    1     1     1     1    1    1    1  4.06452E+15 0.00044 
   30   30    1    1     1     1     1    1    1    1  4.09611E+15 0.00047 
   31   31    1    1     1     1     1    1    1    1  4.56906E+15 0.00044 
   32   32    1    1     1     1     1    1    1    1  4.46511E+15 0.00042 
   33   33    1    1     1     1     1    1    1    1  4.69924E+15 0.00040 
   34   34    1    1     1     1     1    1    1    1  4.90103E+15 0.00041 
   35   35    1    1     1     1     1    1    1    1  4.99722E+15 0.00042 
   36   36    1    1     1     1     1    1    1    1  5.20576E+15 0.00042 
   37   37    1    1     1     1     1    1    1    1  5.27124E+15 0.00043 
   38   38    1    1     1     1     1    1    1    1  5.43608E+15 0.00044 
   39   39    1    1     1     1     1    1    1    1  5.51021E+15 0.00042 
   40   40    1    1     1     1     1    1    1    1  5.59551E+15 0.00041 
   41   41    1    1     1     1     1    1    1    1  5.68099E+15 0.00045 
   42   42    1    1     1     1     1    1    1    1  5.82081E+15 0.00041 
   43   43    1    1     1     1     1    1    1    1  5.79058E+15 0.00044 
   44   44    1    1     1     1     1    1    1    1  5.90292E+15 0.00042 
   45   45    1    1     1     1     1    1    1    1  5.98511E+15 0.00038 
   46   46    1    1     1     1     1    1    1    1  6.09820E+15 0.00039 
   47   47    1    1     1     1     1    1    1    1  6.20812E+15 0.00042 
   48   48    1    1     1     1     1    1    1    1  6.34957E+15 0.00040 
   49   49    1    1     1     1     1    1    1    1  6.54048E+15 0.00044 
   50   50    1    1     1     1     1    1    1    1  6.80355E+15 0.00041 
   51   51    1    1     1     1     1    1    1    1  7.10596E+15 0.00042 
   52   52    1    1     1     1     1    1    1    1  7.57489E+15 0.00041 
   53   53    1    1     1     1     1    1    1    1  8.18321E+15 0.00038 
   54   54    1    1     1     1     1    1    1    1  9.03617E+15 0.00041 
   55   55    1    1     1     1     1    1    1    1  1.01464E+16 0.00035 
   56   56    1    1     1     1     1    1    1    1  1.17330E+16 0.00033 
   57   57    1    1     1     1     1    1    1    1  1.38803E+16 0.00036 
   58   58    1    1     1     1     1    1    1    1  1.72447E+16 0.00031 
   59   59    1    1     1     1     1    1    1    1  1.59069E+16 0.00035 
   60   60    1    1     1     1     1    1    1    1  2.30184E+16 0.00033 
   61   61    1    1     1     1     1    1    1    1  2.69169E+16 0.00033 
   62   62    1    1     1     1     1    1    1    1  2.23862E+16 0.00034 
   63   63    1    1     1     1     1    1    1    1  2.54670E+16 0.00037 
   64   64    1    1     1     1     1    1    1    1  2.62050E+16 0.00038 
   65   65    1    1     1     1     1    1    1    1  2.14753E+16 0.00044 
   66   66    1    1     1     1     1    1    1    1  1.37226E+16 0.00055 
   67   67    1    1     1     1     1    1    1    1  6.83019E+15 0.00091 
   68   68    1    1     1     1     1    1    1    1  1.78908E+15 0.00183 
   69   69    1    1     1     1     1    1    1    1  2.53514E+14 0.00450 
   70   70    1    1     1     1     1    1    1    1  1.42659E+13 0.02210 
];


