
DET1 = [
    1    1    1    1     1     1     1    1    1    1  1.96289E+12 0.01105 
    2    2    1    1     1     1     1    1    1    1  3.08800E+12 0.00751 
    3    3    1    1     1     1     1    1    1    1  5.30352E+12 0.00578 
    4    4    1    1     1     1     1    1    1    1  1.66963E+13 0.00368 
    5    5    1    1     1     1     1    1    1    1  2.35452E+13 0.00334 
    6    6    1    1     1     1     1    1    1    1  5.35284E+13 0.00227 
    7    7    1    1     1     1     1    1    1    1  9.12033E+13 0.00171 
    8    8    1    1     1     1     1    1    1    1  1.79236E+14 0.00125 
    9    9    1    1     1     1     1    1    1    1  3.17135E+14 0.00105 
   10   10    1    1     1     1     1    1    1    1  5.59172E+14 0.00087 
   11   11    1    1     1     1     1    1    1    1  9.16860E+14 0.00070 
   12   12    1    1     1     1     1    1    1    1  1.40955E+15 0.00063 
   13   13    1    1     1     1     1    1    1    1  1.97147E+15 0.00053 
   14   14    1    1     1     1     1    1    1    1  2.43443E+15 0.00049 
   15   15    1    1     1     1     1    1    1    1  2.55586E+15 0.00048 
   16   16    1    1     1     1     1    1    1    1  2.23238E+15 0.00048 
   17   17    1    1     1     1     1    1    1    1  1.68692E+15 0.00047 
   18   18    1    1     1     1     1    1    1    1  2.07750E+15 0.00046 
   19   19    1    1     1     1     1    1    1    1  2.82016E+15 0.00047 
   20   20    1    1     1     1     1    1    1    1  2.80621E+15 0.00049 
   21   21    1    1     1     1     1    1    1    1  1.94701E+15 0.00052 
   22   22    1    1     1     1     1    1    1    1  3.43323E+15 0.00045 
   23   23    1    1     1     1     1    1    1    1  3.66686E+15 0.00048 
   24   24    1    1     1     1     1    1    1    1  3.44105E+15 0.00049 
   25   25    1    1     1     1     1    1    1    1  3.63405E+15 0.00049 
   26   26    1    1     1     1     1    1    1    1  3.17399E+15 0.00046 
   27   27    1    1     1     1     1    1    1    1  3.50618E+15 0.00046 
   28   28    1    1     1     1     1    1    1    1  3.87517E+15 0.00042 
   29   29    1    1     1     1     1    1    1    1  3.91380E+15 0.00043 
   30   30    1    1     1     1     1    1    1    1  3.93642E+15 0.00051 
   31   31    1    1     1     1     1    1    1    1  4.39727E+15 0.00044 
   32   32    1    1     1     1     1    1    1    1  4.29246E+15 0.00045 
   33   33    1    1     1     1     1    1    1    1  4.50384E+15 0.00042 
   34   34    1    1     1     1     1    1    1    1  4.70388E+15 0.00041 
   35   35    1    1     1     1     1    1    1    1  4.80702E+15 0.00042 
   36   36    1    1     1     1     1    1    1    1  5.00795E+15 0.00040 
   37   37    1    1     1     1     1    1    1    1  5.06910E+15 0.00042 
   38   38    1    1     1     1     1    1    1    1  5.23171E+15 0.00042 
   39   39    1    1     1     1     1    1    1    1  5.30016E+15 0.00040 
   40   40    1    1     1     1     1    1    1    1  5.38106E+15 0.00040 
   41   41    1    1     1     1     1    1    1    1  5.46382E+15 0.00044 
   42   42    1    1     1     1     1    1    1    1  5.60268E+15 0.00043 
   43   43    1    1     1     1     1    1    1    1  5.57269E+15 0.00040 
   44   44    1    1     1     1     1    1    1    1  5.67657E+15 0.00042 
   45   45    1    1     1     1     1    1    1    1  5.75774E+15 0.00040 
   46   46    1    1     1     1     1    1    1    1  5.87255E+15 0.00045 
   47   47    1    1     1     1     1    1    1    1  5.97493E+15 0.00043 
   48   48    1    1     1     1     1    1    1    1  6.11162E+15 0.00041 
   49   49    1    1     1     1     1    1    1    1  6.28762E+15 0.00041 
   50   50    1    1     1     1     1    1    1    1  6.54374E+15 0.00041 
   51   51    1    1     1     1     1    1    1    1  6.83857E+15 0.00040 
   52   52    1    1     1     1     1    1    1    1  7.28901E+15 0.00041 
   53   53    1    1     1     1     1    1    1    1  7.87346E+15 0.00037 
   54   54    1    1     1     1     1    1    1    1  8.69312E+15 0.00040 
   55   55    1    1     1     1     1    1    1    1  9.76176E+15 0.00035 
   56   56    1    1     1     1     1    1    1    1  1.12958E+16 0.00034 
   57   57    1    1     1     1     1    1    1    1  1.33638E+16 0.00032 
   58   58    1    1     1     1     1    1    1    1  1.65995E+16 0.00029 
   59   59    1    1     1     1     1    1    1    1  1.53103E+16 0.00033 
   60   60    1    1     1     1     1    1    1    1  2.21537E+16 0.00030 
   61   61    1    1     1     1     1    1    1    1  2.59272E+16 0.00032 
   62   62    1    1     1     1     1    1    1    1  2.15622E+16 0.00036 
   63   63    1    1     1     1     1    1    1    1  2.45668E+16 0.00036 
   64   64    1    1     1     1     1    1    1    1  2.52933E+16 0.00037 
   65   65    1    1     1     1     1    1    1    1  2.07502E+16 0.00040 
   66   66    1    1     1     1     1    1    1    1  1.32621E+16 0.00060 
   67   67    1    1     1     1     1    1    1    1  6.60080E+15 0.00088 
   68   68    1    1     1     1     1    1    1    1  1.72728E+15 0.00171 
   69   69    1    1     1     1     1    1    1    1  2.42059E+14 0.00465 
   70   70    1    1     1     1     1    1    1    1  1.35804E+13 0.02008 
];


