
DET1 = [
    1    1    1    1     1     1     1    1    1    1  2.49277E+12 0.01058 
    2    2    1    1     1     1     1    1    1    1  3.85856E+12 0.00665 
    3    3    1    1     1     1     1    1    1    1  6.68699E+12 0.00579 
    4    4    1    1     1     1     1    1    1    1  2.11188E+13 0.00334 
    5    5    1    1     1     1     1    1    1    1  2.98814E+13 0.00299 
    6    6    1    1     1     1     1    1    1    1  6.76375E+13 0.00191 
    7    7    1    1     1     1     1    1    1    1  1.15879E+14 0.00156 
    8    8    1    1     1     1     1    1    1    1  2.27665E+14 0.00122 
    9    9    1    1     1     1     1    1    1    1  4.03093E+14 0.00099 
   10   10    1    1     1     1     1    1    1    1  7.11292E+14 0.00075 
   11   11    1    1     1     1     1    1    1    1  1.16799E+15 0.00065 
   12   12    1    1     1     1     1    1    1    1  1.79537E+15 0.00059 
   13   13    1    1     1     1     1    1    1    1  2.50187E+15 0.00049 
   14   14    1    1     1     1     1    1    1    1  3.07180E+15 0.00049 
   15   15    1    1     1     1     1    1    1    1  3.20249E+15 0.00046 
   16   16    1    1     1     1     1    1    1    1  2.76621E+15 0.00046 
   17   17    1    1     1     1     1    1    1    1  2.03540E+15 0.00051 
   18   18    1    1     1     1     1    1    1    1  2.46936E+15 0.00044 
   19   19    1    1     1     1     1    1    1    1  3.14529E+15 0.00051 
   20   20    1    1     1     1     1    1    1    1  3.06042E+15 0.00053 
   21   21    1    1     1     1     1    1    1    1  2.09196E+15 0.00053 
   22   22    1    1     1     1     1    1    1    1  3.58534E+15 0.00050 
   23   23    1    1     1     1     1    1    1    1  3.99446E+15 0.00052 
   24   24    1    1     1     1     1    1    1    1  3.73540E+15 0.00046 
   25   25    1    1     1     1     1    1    1    1  3.94710E+15 0.00047 
   26   26    1    1     1     1     1    1    1    1  3.33677E+15 0.00047 
   27   27    1    1     1     1     1    1    1    1  3.87054E+15 0.00044 
   28   28    1    1     1     1     1    1    1    1  4.39060E+15 0.00041 
   29   29    1    1     1     1     1    1    1    1  4.35607E+15 0.00046 
   30   30    1    1     1     1     1    1    1    1  4.40296E+15 0.00044 
   31   31    1    1     1     1     1    1    1    1  4.89310E+15 0.00047 
   32   32    1    1     1     1     1    1    1    1  4.78436E+15 0.00041 
   33   33    1    1     1     1     1    1    1    1  5.06831E+15 0.00045 
   34   34    1    1     1     1     1    1    1    1  5.28418E+15 0.00041 
   35   35    1    1     1     1     1    1    1    1  5.36863E+15 0.00042 
   36   36    1    1     1     1     1    1    1    1  5.58092E+15 0.00042 
   37   37    1    1     1     1     1    1    1    1  5.66700E+15 0.00042 
   38   38    1    1     1     1     1    1    1    1  5.82931E+15 0.00040 
   39   39    1    1     1     1     1    1    1    1  5.90933E+15 0.00043 
   40   40    1    1     1     1     1    1    1    1  6.00073E+15 0.00043 
   41   41    1    1     1     1     1    1    1    1  6.09685E+15 0.00040 
   42   42    1    1     1     1     1    1    1    1  6.24164E+15 0.00042 
   43   43    1    1     1     1     1    1    1    1  6.21091E+15 0.00037 
   44   44    1    1     1     1     1    1    1    1  6.32804E+15 0.00040 
   45   45    1    1     1     1     1    1    1    1  6.41980E+15 0.00041 
   46   46    1    1     1     1     1    1    1    1  6.54323E+15 0.00039 
   47   47    1    1     1     1     1    1    1    1  6.65926E+15 0.00038 
   48   48    1    1     1     1     1    1    1    1  6.81204E+15 0.00040 
   49   49    1    1     1     1     1    1    1    1  7.00319E+15 0.00041 
   50   50    1    1     1     1     1    1    1    1  7.28948E+15 0.00039 
   51   51    1    1     1     1     1    1    1    1  7.61680E+15 0.00038 
   52   52    1    1     1     1     1    1    1    1  8.11855E+15 0.00044 
   53   53    1    1     1     1     1    1    1    1  8.77966E+15 0.00038 
   54   54    1    1     1     1     1    1    1    1  9.68240E+15 0.00039 
   55   55    1    1     1     1     1    1    1    1  1.08758E+16 0.00037 
   56   56    1    1     1     1     1    1    1    1  1.25701E+16 0.00035 
   57   57    1    1     1     1     1    1    1    1  1.48782E+16 0.00033 
   58   58    1    1     1     1     1    1    1    1  1.84858E+16 0.00034 
   59   59    1    1     1     1     1    1    1    1  1.70433E+16 0.00036 
   60   60    1    1     1     1     1    1    1    1  2.46536E+16 0.00032 
   61   61    1    1     1     1     1    1    1    1  2.88315E+16 0.00033 
   62   62    1    1     1     1     1    1    1    1  2.39499E+16 0.00036 
   63   63    1    1     1     1     1    1    1    1  2.72172E+16 0.00037 
   64   64    1    1     1     1     1    1    1    1  2.79365E+16 0.00037 
   65   65    1    1     1     1     1    1    1    1  2.28666E+16 0.00043 
   66   66    1    1     1     1     1    1    1    1  1.46080E+16 0.00058 
   67   67    1    1     1     1     1    1    1    1  7.27371E+15 0.00085 
   68   68    1    1     1     1     1    1    1    1  1.91211E+15 0.00155 
   69   69    1    1     1     1     1    1    1    1  2.70294E+14 0.00478 
   70   70    1    1     1     1     1    1    1    1  1.55859E+13 0.01894 
];


