
DET1 = [
    1    1    1    1     1     1     1    1    1    1  3.07951E+12 0.00861 
    2    2    1    1     1     1     1    1    1    1  4.89067E+12 0.00604 
    3    3    1    1     1     1     1    1    1    1  8.35020E+12 0.00487 
    4    4    1    1     1     1     1    1    1    1  2.63051E+13 0.00269 
    5    5    1    1     1     1     1    1    1    1  3.74158E+13 0.00240 
    6    6    1    1     1     1     1    1    1    1  8.57601E+13 0.00198 
    7    7    1    1     1     1     1    1    1    1  1.46482E+14 0.00146 
    8    8    1    1     1     1     1    1    1    1  2.87670E+14 0.00113 
    9    9    1    1     1     1     1    1    1    1  5.12177E+14 0.00090 
   10   10    1    1     1     1     1    1    1    1  9.01545E+14 0.00069 
   11   11    1    1     1     1     1    1    1    1  1.47899E+15 0.00058 
   12   12    1    1     1     1     1    1    1    1  2.26928E+15 0.00058 
   13   13    1    1     1     1     1    1    1    1  3.15269E+15 0.00053 
   14   14    1    1     1     1     1    1    1    1  3.85857E+15 0.00048 
   15   15    1    1     1     1     1    1    1    1  3.98128E+15 0.00045 
   16   16    1    1     1     1     1    1    1    1  3.40622E+15 0.00045 
   17   17    1    1     1     1     1    1    1    1  2.45209E+15 0.00048 
   18   18    1    1     1     1     1    1    1    1  2.89017E+15 0.00046 
   19   19    1    1     1     1     1    1    1    1  3.47979E+15 0.00045 
   20   20    1    1     1     1     1    1    1    1  3.34966E+15 0.00051 
   21   21    1    1     1     1     1    1    1    1  2.28160E+15 0.00056 
   22   22    1    1     1     1     1    1    1    1  3.80350E+15 0.00049 
   23   23    1    1     1     1     1    1    1    1  4.30836E+15 0.00053 
   24   24    1    1     1     1     1    1    1    1  4.00492E+15 0.00045 
   25   25    1    1     1     1     1    1    1    1  4.26355E+15 0.00051 
   26   26    1    1     1     1     1    1    1    1  3.54231E+15 0.00048 
   27   27    1    1     1     1     1    1    1    1  4.21133E+15 0.00047 
   28   28    1    1     1     1     1    1    1    1  4.85820E+15 0.00045 
   29   29    1    1     1     1     1    1    1    1  4.76071E+15 0.00045 
   30   30    1    1     1     1     1    1    1    1  4.81776E+15 0.00044 
   31   31    1    1     1     1     1    1    1    1  5.33298E+15 0.00044 
   32   32    1    1     1     1     1    1    1    1  5.22523E+15 0.00042 
   33   33    1    1     1     1     1    1    1    1  5.56987E+15 0.00045 
   34   34    1    1     1     1     1    1    1    1  5.79323E+15 0.00045 
   35   35    1    1     1     1     1    1    1    1  5.87245E+15 0.00040 
   36   36    1    1     1     1     1    1    1    1  6.10001E+15 0.00044 
   37   37    1    1     1     1     1    1    1    1  6.20439E+15 0.00042 
   38   38    1    1     1     1     1    1    1    1  6.35560E+15 0.00038 
   39   39    1    1     1     1     1    1    1    1  6.45464E+15 0.00044 
   40   40    1    1     1     1     1    1    1    1  6.55385E+15 0.00041 
   41   41    1    1     1     1     1    1    1    1  6.66018E+15 0.00039 
   42   42    1    1     1     1     1    1    1    1  6.80402E+15 0.00042 
   43   43    1    1     1     1     1    1    1    1  6.77985E+15 0.00045 
   44   44    1    1     1     1     1    1    1    1  6.91155E+15 0.00041 
   45   45    1    1     1     1     1    1    1    1  7.00734E+15 0.00042 
   46   46    1    1     1     1     1    1    1    1  7.13723E+15 0.00043 
   47   47    1    1     1     1     1    1    1    1  7.26921E+15 0.00039 
   48   48    1    1     1     1     1    1    1    1  7.43283E+15 0.00040 
   49   49    1    1     1     1     1    1    1    1  7.64897E+15 0.00038 
   50   50    1    1     1     1     1    1    1    1  7.95863E+15 0.00039 
   51   51    1    1     1     1     1    1    1    1  8.31394E+15 0.00041 
   52   52    1    1     1     1     1    1    1    1  8.86558E+15 0.00039 
   53   53    1    1     1     1     1    1    1    1  9.57586E+15 0.00034 
   54   54    1    1     1     1     1    1    1    1  1.05678E+16 0.00035 
   55   55    1    1     1     1     1    1    1    1  1.18630E+16 0.00035 
   56   56    1    1     1     1     1    1    1    1  1.37182E+16 0.00037 
   57   57    1    1     1     1     1    1    1    1  1.62339E+16 0.00034 
   58   58    1    1     1     1     1    1    1    1  2.01708E+16 0.00033 
   59   59    1    1     1     1     1    1    1    1  1.85916E+16 0.00035 
   60   60    1    1     1     1     1    1    1    1  2.68845E+16 0.00033 
   61   61    1    1     1     1     1    1    1    1  3.14022E+16 0.00030 
   62   62    1    1     1     1     1    1    1    1  2.60811E+16 0.00035 
   63   63    1    1     1     1     1    1    1    1  2.96069E+16 0.00037 
   64   64    1    1     1     1     1    1    1    1  3.02915E+16 0.00035 
   65   65    1    1     1     1     1    1    1    1  2.47530E+16 0.00042 
   66   66    1    1     1     1     1    1    1    1  1.58046E+16 0.00055 
   67   67    1    1     1     1     1    1    1    1  7.87632E+15 0.00091 
   68   68    1    1     1     1     1    1    1    1  2.06867E+15 0.00186 
   69   69    1    1     1     1     1    1    1    1  2.94915E+14 0.00478 
   70   70    1    1     1     1     1    1    1    1  1.71103E+13 0.02223 
];


