
ZAI = [
902320
902330
912330
912340
922330
922340
922350
922360
922370
922380
932370
932390
942380
942390
942400
942410
942420
952410
952430
541350
621490
551370
380900
531290
601430
601450
666
0
];

NAMES = [
'Th232           '
'Th233           '
'Pa233           '
'Pa234           '
'U233            '
'U234            '
'U235            '
'U236            '
'U237            '
'U238            '
'Np237           '
'Np239           '
'Pu238           '
'Pu239           '
'Pu240           '
'Pu241           '
'Pu242           '
'Am241           '
'Am243           '
'Xe135           '
'Sm149           '
'Cs137           '
'Sr90            '
'I129            '
'Nd143           '
'Nd145           '
'lost            '
'total           '
];

i902320 = 1; iTh232            = 1;
i902330 = 2; iTh233            = 2;
i912330 = 3; iPa233            = 3;
i912340 = 4; iPa234            = 4;
i922330 = 5; iU233             = 5;
i922340 = 6; iU234             = 6;
i922350 = 7; iU235             = 7;
i922360 = 8; iU236             = 8;
i922370 = 9; iU237             = 9;
i922380 = 10; iU238             = 10;
i932370 = 11; iNp237            = 11;
i932390 = 12; iNp239            = 12;
i942380 = 13; iPu238            = 13;
i942390 = 14; iPu239            = 14;
i942400 = 15; iPu240            = 15;
i942410 = 16; iPu241            = 16;
i942420 = 17; iPu242            = 17;
i952410 = 18; iAm241            = 18;
i952430 = 19; iAm243            = 19;
i541350 = 20; iXe135            = 20;
i621490 = 21; iSm149            = 21;
i551370 = 22; iCs137            = 22;
i380900 = 23; iSr90             = 23;
i531290 = 24; iI129             = 24;
i601430 = 25; iNd143            = 25;
i601450 = 26; iNd145            = 26;
iLOST    = 27;
iTOT     = 28;

MAT_fuel_VOLUME = [ 1.39419E+02 1.39419E+02 1.39419E+02 1.39419E+02 1.39419E+02 1.39419E+02 1.39419E+02 1.39419E+02 1.39419E+02 1.39419E+02 1.39419E+02 1.39419E+02 ];

MAT_fuel_BURNUP = [ 0.00000E+00 1.00001E-01 7.00004E-01 1.60001E+00 3.00002E+00 6.00003E+00 1.00001E+01 1.60001E+01 2.00001E+01 2.80002E+01 4.20002E+01 5.00003E+01 ];

MAT_fuel_ADENS = [
1.32920E-02 1.32894E-02 1.32736E-02 1.32504E-02 1.32162E-02 1.31490E-02 1.30678E-02 1.29559E-02 1.28853E-02 1.27499E-02 1.25249E-02 1.24007E-02 % Th232
0.00000E+00 2.14499E-08 2.14611E-08 2.09161E-08 1.98343E-08 1.81408E-08 1.63861E-08 1.50177E-08 1.42147E-08 1.35755E-08 1.28312E-08 1.24355E-08 % Th233
0.00000E+00 2.47111E-06 1.42148E-05 2.41976E-05 3.00882E-05 3.07071E-05 2.80846E-05 2.57078E-05 2.44257E-05 2.32981E-05 2.20613E-05 2.14122E-05 % Pa233
0.00000E+00 6.06523E-10 4.06021E-09 6.84236E-09 8.18102E-09 7.79541E-09 6.56125E-09 5.56932E-09 5.01670E-09 4.57825E-09 4.09703E-09 3.81579E-09 % Pa234
0.00000E+00 8.35333E-08 3.54399E-06 1.47296E-05 3.73604E-05 8.35333E-05 1.29869E-04 1.77056E-04 2.00453E-04 2.34568E-04 2.73229E-04 2.89295E-04 % U233
0.00000E+00 4.32537E-09 2.14051E-07 9.59936E-07 2.67560E-06 7.12495E-06 1.33058E-05 2.23261E-05 2.80810E-05 3.89374E-05 5.59731E-05 6.46843E-05 % U234
2.65841E-04 2.63241E-04 2.48405E-04 2.28678E-04 2.03357E-04 1.63981E-04 1.29520E-04 9.70606E-05 8.26038E-05 6.33786E-05 4.65461E-05 4.19789E-05 % U235
0.00000E+00 4.63543E-07 3.11373E-06 6.63311E-06 1.11425E-05 1.81047E-05 2.40683E-05 2.94240E-05 3.16512E-05 3.43344E-05 3.61308E-05 3.63884E-05 % U236
0.00000E+00 4.79204E-09 2.51351E-08 4.49300E-08 6.66407E-08 9.51637E-08 1.13214E-07 1.25899E-07 1.27792E-07 1.31815E-07 1.31078E-07 1.27269E-07 % U237
8.59552E-03 8.59385E-03 8.58363E-03 8.56841E-03 8.54534E-03 8.49824E-03 8.43898E-03 8.35444E-03 8.29989E-03 8.19352E-03 8.01318E-03 7.91240E-03 % U238
0.00000E+00 6.62064E-10 2.61353E-08 1.09461E-07 3.06642E-07 8.77555E-07 1.75925E-06 3.09417E-06 3.93258E-06 5.41770E-06 7.41823E-06 8.26904E-06 % Np237
0.00000E+00 1.07596E-06 2.02212E-06 2.01467E-06 1.95937E-06 1.85895E-06 1.74796E-06 1.65606E-06 1.60298E-06 1.55600E-06 1.49763E-06 1.47017E-06 % Np239
0.00000E+00 2.73361E-13 2.34423E-10 2.77858E-09 1.53409E-08 8.60285E-08 2.74910E-07 7.40473E-07 1.15464E-06 2.17500E-06 4.35618E-06 5.71564E-06 % Pu238
0.00000E+00 4.60399E-07 8.20669E-06 1.87773E-05 3.10576E-05 4.80412E-05 6.22244E-05 7.61268E-05 8.34614E-05 9.46083E-05 1.08562E-04 1.15967E-04 % Pu239
0.00000E+00 3.40590E-09 2.78549E-07 1.32484E-06 3.52991E-06 8.32093E-06 1.35982E-05 1.96207E-05 2.27580E-05 2.78584E-05 3.43762E-05 3.71004E-05 % Pu240
0.00000E+00 3.88733E-11 2.25014E-08 2.43154E-07 1.12429E-06 4.32493E-06 9.11352E-06 1.55505E-05 1.90797E-05 2.50217E-05 3.27334E-05 3.59239E-05 % Pu241
0.00000E+00 6.68492E-14 2.71976E-10 6.84298E-09 5.91569E-08 4.35830E-07 1.43363E-06 3.52336E-06 5.07597E-06 8.21470E-06 1.32855E-05 1.58198E-05 % Pu242
0.00000E+00 3.15273E-15 1.28512E-11 3.33425E-10 3.05215E-09 2.46261E-08 8.94695E-08 2.39913E-07 3.62107E-07 6.19243E-07 1.06251E-06 1.30816E-06 % Am241
0.00000E+00 4.04892E-17 1.79062E-12 1.13693E-10 1.96985E-09 3.04790E-08 1.70865E-07 6.57529E-07 1.15302E-06 2.43225E-06 5.12535E-06 6.71297E-06 % Am243
0.00000E+00 3.41890E-09 3.58653E-09 3.90221E-09 4.40960E-09 5.37197E-09 6.40906E-09 7.56998E-09 8.24719E-09 9.25336E-09 1.05872E-08 1.13059E-08 % Xe135
0.00000E+00 5.22782E-09 2.19940E-08 2.51772E-08 3.06487E-08 4.15634E-08 5.46314E-08 7.05417E-08 8.11305E-08 9.63558E-08 1.19105E-07 1.34203E-07 % Sm149
0.00000E+00 1.41279E-07 9.87708E-07 2.27017E-06 4.28464E-06 8.67582E-06 1.45649E-05 2.34011E-05 2.92337E-05 4.08562E-05 6.09260E-05 7.21315E-05 % Cs137
0.00000E+00 1.30262E-07 8.91648E-07 1.98575E-06 3.61501E-06 6.99009E-06 1.13610E-05 1.77726E-05 2.19553E-05 3.02126E-05 4.43290E-05 5.21694E-05 % Sr90
0.00000E+00 1.16730E-08 9.60959E-08 2.41555E-07 5.06986E-07 1.18827E-06 2.21722E-06 3.87390E-06 5.00563E-06 7.30941E-06 1.13642E-05 1.36489E-05 % I129
0.00000E+00 2.82391E-09 2.67749E-07 1.12257E-06 2.70525E-06 5.99843E-06 1.00661E-05 1.56417E-05 1.91203E-05 2.55530E-05 3.57146E-05 4.10020E-05 % Nd143
0.00000E+00 7.77894E-08 6.08572E-07 1.38105E-06 2.53219E-06 4.86774E-06 7.77986E-06 1.18652E-05 1.44286E-05 1.92992E-05 2.71274E-05 3.12269E-05 % Nd145
0.00000E+00 2.83962E-13 2.02246E-12 4.63400E-12 8.64054E-12 1.69582E-11 2.76385E-11 4.31833E-11 5.33686E-11 7.34957E-11 1.08310E-10 1.28090E-10 % lost data
6.64602E-02 6.64625E-02 6.64763E-02 6.64971E-02 6.65294E-02 6.65991E-02 6.66920E-02 6.68311E-02 6.69234E-02 6.71085E-02 6.74333E-02 6.76180E-02 % total
];

